Begin step 0
Stress 0 0 0 0 0 0 0 0 0
Strain 0 0 0 0 0 0 0 0 0
Strain mean 0 0 0 0 0 0 0 0 0
Plastic strain_mean 0 0 0 0 0 0 0 0 0
Plastic strain_rate_mean 0 0 0 0 0 0 0 0 0
Dissipation 0
End step 0
Begin step 1
Stress -1.35371e-16 6.66667 2.06262e-15 6.66667 -5.73271e-17 3.03478e-17 2.06262e-15 3.03478e-17 -5.78607e-17
Strain 0 3.33333e-05 0 3.33333e-05 0 0 0 0 0
Strain mean -3.84883e-22 3.33333e-05 1.03131e-20 3.33333e-05 7.28806e-37 1.51739e-22 1.03131e-20 1.51739e-22 -1.29378e-36
Plastic strain_mean 2.66822e-24 1.73481e-14 0 1.73481e-14 -2.66822e-24 0 0 0 0
Plastic strain_rate_mean 0 0 0 0 0 0 0 0 0
Dissipation 1.15654e-13
End step 1
Begin step 2
Stress 3.07152e-15 13.3333 1.1789e-14 13.3333 1.33872e-15 -6.78585e-16 1.1789e-14 -6.78585e-16 1.32425e-15
Strain 0 6.66667e-05 0 6.66667e-05 0 0 0 0 0
Strain mean 8.80874e-21 6.66667e-05 5.89452e-20 6.66667e-05 1.03444e-36 -3.39293e-21 5.89452e-20 -3.39293e-21 8.40478e-37
Plastic strain_mean 7.23723e-23 1.3377e-12 0 1.3377e-12 -7.23723e-23 0 0 0 0
Plastic strain_rate_mean 0 0 0 0 0 0 0 0 0
Dissipation 1.76047e-11
End step 2
Begin step 3
Stress -4.20023e-15 20 -1.91359e-14 20 -2.27152e-15 -5.02777e-14 -1.91359e-14 -5.02777e-14 -1.94325e-15
Strain 0 0.0001 0 0.0001 0 0 0 0 0
Strain mean -1.29263e-20 0.0001 -9.56796e-20 0.0001 3.76158e-36 -2.51389e-19 -9.56796e-20 -2.51389e-19 4.71373e-36
Plastic strain_mean -1.64137e-21 1.79818e-11 0 1.79818e-11 1.64137e-21 0 0 0 0
Plastic strain_rate_mean 0 0 0 0 0 0 0 0 0
Dissipation 3.32882e-10
End step 3
Begin step 4
Stress -1.42219e-14 26.6666 6.46459e-14 26.6666 -4.24802e-15 -1.85667e-14 6.46459e-14 -1.85667e-14 -5.5459e-15
Strain 0 0.000133333 0 0.000133333 0 0 0 0 0
Strain mean -3.68907e-20 0.000133333 3.23229e-19 0.000133333 -7.75826e-36 -9.28337e-20 3.23229e-19 -9.28337e-20 -5.64237e-36
Plastic strain_mean 6.48939e-21 1.18472e-10 0 1.18472e-10 -6.48939e-21 0 0 0 0
Plastic strain_rate_mean 0 0 0 0 0 0 0 0 0
Dissipation 2.67975e-09
End step 4
Begin step 5
Stress -1.17877e-15 33.3332 -2.5988e-12 33.3332 4.33465e-15 -1.19547e-12 -2.5988e-12 -1.19547e-12 9.47606e-16
Strain 0 0.000166667 0 0.000166667 0 0 0 0 0
Strain mean 6.30337e-21 0.000166667 -1.2994e-17 0.000166667 -3.00927e-35 -5.97733e-18 -1.2994e-17 -5.97733e-18 1.14202e-33
Plastic strain_mean 1.69352e-20 5.238e-10 0 5.238e-10 -1.69352e-20 0 0 0 0
Plastic strain_rate_mean 0 0 0 0 0 0 0 0 0
Dissipation 1.35109e-08
End step 5
Begin step 6
Stress -5.12056e-15 39.9996 -1.03853e-12 39.9996 8.55277e-15 -1.15323e-12 -1.03853e-12 -1.15323e-12 1.03058e-15
Strain 0 0.0002 0 0.0002 0 0 0 0 0
Strain mean 6.85527e-21 0.0002 -5.19264e-18 0.0002 -2.40741e-34 -5.76614e-18 -5.19264e-18 -5.76614e-18 1.60093e-33
Plastic strain_mean 3.7611e-20 1.7905e-09 0 1.7905e-09 -3.7611e-20 0 0 0 0
Plastic strain_rate_mean 0 0 0 0 0 0 0 0 0
Dissipation 5.06675e-08
End step 6
Begin step 7
Stress -1.5814e-14 46.6656 -6.27496e-12 46.6656 -1.80518e-15 -9.6725e-13 -6.27496e-12 -9.6725e-13 -5.29044e-15
Strain 0 0.000233333 0 0.000233333 0 0 0 0 0
Strain mean -3.51914e-20 0.000233333 -3.13748e-17 0.000233333 -7.10187e-34 -4.83625e-18 -3.13748e-17 -4.83625e-18 9.40019e-34
Plastic strain_mean 1.74263e-20 5.10987e-09 0 5.10987e-09 -1.74263e-20 0 0 0 0
Plastic strain_rate_mean 0 0 0 0 0 0 0 0 0
Dissipation 1.54901e-07
End step 7
Begin step 8
Stress 3.52136e-15 53.3308 -4.29899e-12 53.3308 -7.36078e-15 -1.28226e-12 -4.29899e-12 -1.28226e-12 -1.15285e-15
Strain 0 0.000266667 0 0.000266667 0 0 0 0 0
Strain mean -7.66861e-21 0.000266667 -2.14949e-17 0.000266667 -6.62038e-34 -6.41129e-18 -2.14949e-17 -6.41129e-18 1.52006e-33
Plastic strain_mean -3.10396e-20 1.27559e-08 0 1.27559e-08 3.10396e-20 0 0 0 0
Plastic strain_rate_mean 0 0 0 0 0 0 0 0 0
Dissipation 4.07768e-07
End step 8
Begin step 9
Stress 2.8186e-14 59.9943 -2.58811e-12 59.9943 -1.81221e-14 -1.47766e-12 -2.58811e-12 -1.47766e-12 3.02186e-15
Strain 0 0.0003 0 0.0003 0 0 0 0 0
Strain mean 2.01011e-20 0.0003 -1.29405e-17 0.0003 3.6036e-34 -7.3883e-18 -1.29405e-17 -7.3883e-18 2.36077e-33
Plastic strain_mean -1.0572e-19 2.8715e-08 0 2.8715e-08 1.0572e-19 0 0 0 0
Plastic strain_rate_mean 0 0 0 0 0 0 0 0 0
Dissipation 9.57453e-07
End step 9
Begin step 10
Stress 2.95111e-14 66.6548 -5.72011e-12 66.6548 -6.55929e-14 1.85331e-12 -5.72011e-12 1.85331e-12 -1.08341e-14
Strain 0 0.000333333 0 0.000333333 0 0 0 0 0
Strain mean -7.20675e-20 0.000333333 -2.86005e-17 0.000333333 -1.08334e-34 9.26655e-18 -2.86005e-17 9.26655e-18 -2.81667e-33
Plastic strain_mean -2.73794e-19 5.95303e-08 0 5.95303e-08 2.73794e-19 0 0 0 0
Plastic strain_rate_mean 0 0 0 0 0 0 0 0 0
Dissipation 2.05399e-06
End step 10
Begin step 11
Stress 8.61995e-14 73.3103 -4.31647e-12 73.3103 -8.87882e-14 1.1532e-12 -4.31647e-12 1.1532e-12 -7.77299e-16
Strain 0 0.000366667 0 0.000366667 0 0 0 0 0
Strain mean -5.1705e-21 0.000366667 -2.15824e-17 0.000366667 -1.54074e-33 5.76602e-18 -2.15824e-17 5.76602e-18 -2.49318e-33
Plastic strain_mean -4.40055e-19 1.1539e-07 0 1.1539e-07 4.40055e-19 0 0 0 0
Plastic strain_rate_mean 0 0 0 0 0 0 0 0 0
Dissipation 4.09509e-06
End step 11
Begin step 12
Stress 1.40436e-13 79.9577 -3.08268e-12 79.9577 -1.06754e-13 5.85207e-13 -3.08268e-12 5.85207e-13 1.01136e-14
Strain 0 0.0004 0 0.0004 0 0 0 0 0
Strain mean 6.72746e-20 0.0004 -1.54134e-17 0.0004 -8.90743e-34 2.92603e-18 -1.54134e-17 2.92603e-18 -2.09595e-33
Plastic strain_mean -5.84338e-19 2.11484e-07 0 2.11484e-07 5.84338e-19 0 0 0 0
Plastic strain_rate_mean 0 0 0 0 0 0 0 0 0
Dissipation 7.68341e-06
End step 12
Begin step 13
Stress 1.48923e-13 86.5927 -2.07696e-12 86.5927 -1.32489e-13 1.49529e-13 -2.07696e-12 1.49529e-13 4.93454e-15
Strain 0 0.000433333 0 0.000433333 0 0 0 0 0
Strain mean 3.2824e-20 0.000433333 -1.03848e-17 0.000433333 9.38891e-34 7.47647e-19 -1.03848e-17 7.47647e-19 -1.64306e-33
Plastic strain_mean -6.87119e-19 3.69635e-07 0 3.69635e-07 6.87119e-19 0 0 0 0
Plastic strain_rate_mean 0 0 0 0 0 0 0 0 0
Dissipation 1.36947e-05
End step 13
Begin step 14
Stress -2.05488e-14 93.2093 -5.93314e-12 93.2093 -3.29558e-14 3.49409e-12 -5.93314e-12 3.49409e-12 -1.60656e-14
Strain 0 0.000466667 0 0.000466667 0 0 0 0 0
Strain mean -1.06867e-19 0.000466667 -2.96657e-17 0.000466667 -3.94816e-33 1.74704e-17 -2.96657e-17 1.74704e-17 -8.81715e-34
Plastic strain_mean -8.44511e-20 6.20204e-07 0 6.20204e-07 8.44511e-20 0 0 0 0
Plastic strain_rate_mean 0 0 0 0 0 0 0 0 0
Dissipation 2.33553e-05
End step 14
Begin step 15
Stress 1.30323e-13 99.7992 2.99855e-12 99.7992 -1.18819e-13 -4.59997e-12 2.99855e-12 -4.59997e-12 3.45418e-15
Strain 0 0.0005 0 0.0005 0 0 0 0 0
Strain mean 2.29768e-20 0.0005 1.49928e-17 0.0005 9.55743e-33 -2.29999e-17 1.49928e-17 -2.29999e-17 -4.81482e-34
Plastic strain_mean -6.11365e-19 1.00421e-06 0 1.00421e-06 6.11365e-19 0 0 0 0
Plastic strain_rate_mean 0 0 0 0 0 0 0 0 0
Dissipation 3.83236e-05
End step 15
Begin step 16
Stress 2.24573e-13 106.352 2.89085e-12 106.352 -2.25606e-13 -4.94843e-12 2.89085e-12 -4.94843e-12 -3.10046e-16
Strain 0 0.000533333 0 0.000533333 0 0 0 0 0
Strain mean -2.06239e-21 0.000533333 1.44543e-17 0.000533333 -1.40448e-31 -2.47421e-17 1.44543e-17 -2.47421e-17 -1.93797e-33
Plastic strain_mean -1.12648e-18 1.5756e-06 0 1.5756e-06 1.12648e-18 0 0 0 0
Plastic strain_rate_mean 0 0 0 0 0 0 0 0 0
Dissipation 6.0768e-05
End step 16
Begin step 17
Stress 7.11612e-14 112.853 -1.56179e-12 112.853 -1.23546e-13 1.57671e-12 -1.56179e-12 1.57671e-12 -1.57294e-14
Strain 0 0.000566667 0 0.000566667 0 0 0 0 0
Strain mean -1.0463e-19 0.000566667 -7.80897e-18 0.000566667 2.90623e-31 7.88353e-18 -7.80897e-18 7.88353e-18 -1.73334e-33
Plastic strain_mean -5.39083e-19 2.40348e-06 0 2.40348e-06 5.39083e-19 0 0 0 0
Plastic strain_rate_mean 0 0 0 0 0 0 0 0 0
Dissipation 9.34271e-05
End step 17
Begin step 18
Stress 1.63187e-13 119.285 1.43774e-12 119.285 -1.46259e-13 4.15607e-12 1.43774e-12 4.15607e-12 5.08301e-15
Strain 0 0.0006 0 0.0006 0 0 0 0 0
Strain mean 3.38116e-20 0.0006 7.18869e-18 0.0006 -9.40817e-32 2.07803e-17 7.18869e-18 2.07803e-17 -2.88438e-33
Plastic strain_mean -7.56709e-19 3.57408e-06 0 3.57408e-06 7.56709e-19 0 0 0 0
Plastic strain_rate_mean 0 0 0 0 0 0 0 0 0
Dissipation 0.000139633
End step 18
Begin step 19
Stress 1.47259e-13 125.628 1.20685e-12 125.628 -2.0072e-13 -2.63718e-12 1.20685e-12 -2.63718e-12 -1.60525e-14
Strain 0 0.000633333 0 0.000633333 0 0 0 0 0
Strain mean -1.0678e-19 0.000633333 6.03424e-18 0.000633333 3.31067e-31 -1.31859e-17 6.03424e-18 -1.31859e-17 3.59607e-33
Plastic strain_mean -9.23336e-19 5.19216e-06 0 5.19216e-06 9.23336e-19 0 0 0 0
Plastic strain_rate_mean 0 0 0 0 0 0 0 0 0
Dissipation 0.000203274
End step 19
Begin step 20
Stress 2.00531e-13 131.857 -1.37647e-12 131.857 -1.37093e-13 5.06047e-13 -1.37647e-12 5.06047e-13 1.90482e-14
Strain 0 0.000666667 0 0.000666667 0 0 0 0 0
Strain mean 1.26706e-19 0.000666667 -6.88237e-18 0.000666667 -8.95557e-32 2.53024e-18 -6.88237e-18 2.53024e-18 -5.17594e-34
Plastic strain_mean -7.80705e-19 7.38147e-06 0 7.38147e-06 7.80705e-19 0 0 0 0
Plastic strain_rate_mean 0 0 0 0 0 0 0 0 0
Dissipation 0.000288669
End step 20
Begin step 21
Stress 1.24738e-13 137.943 -1.28916e-12 137.943 -9.53902e-14 1.34003e-12 -1.28916e-12 1.34003e-12 8.8123e-15
Strain 0 0.0007 0 0.0007 0 0 0 0 0
Strain mean 5.86184e-20 0.0007 -6.44579e-18 0.0007 1.38089e-31 6.70013e-18 -6.44579e-18 6.70013e-18 -3.49075e-34
Plastic strain_mean -5.21012e-19 1.02837e-05 0 1.02837e-05 5.21012e-19 0 0 0 0
Plastic strain_rate_mean 0 0 0 0 0 0 0 0 0
Dissipation 0.000400328
End step 21
Begin step 22
Stress -2.06242e-13 143.856 8.01765e-14 143.856 2.64269e-13 -2.02197e-12 8.01765e-14 -2.02197e-12 1.74237e-14
Strain 0 0.000733333 0 0.000733333 0 0 0 0 0
Strain mean 1.15901e-19 0.000733333 4.00883e-19 0.000733333 -1.63704e-33 -1.01098e-17 4.00883e-19 -1.01098e-17 6.07119e-33
Plastic strain_mean 1.23423e-18 1.40556e-05 0 1.40556e-05 -1.23423e-18 0 0 0 0
Plastic strain_rate_mean 0 0 0 0 0 0 0 0 0
Dissipation 0.000542594
End step 22
Begin step 23
Stress -5.84457e-13 149.56 2.53258e-13 149.56 6.26036e-13 -9.64677e-13 2.53258e-13 -9.64677e-13 1.24848e-14
Strain 0 0.000766667 0 0.000766667 0 0 0 0 0
Strain mean 8.30476e-20 0.000766667 1.26629e-18 0.000766667 8.2815e-33 -4.82339e-18 1.26629e-18 -4.82339e-18 5.5852e-33
Plastic strain_mean 3.06776e-18 1.88644e-05 0 1.88644e-05 -3.06776e-18 0 0 0 0
Plastic strain_rate_mean 0 0 0 0 0 0 0 0 0
Dissipation 0.000719163
End step 23
Begin step 24
Stress -5.29415e-13 155.024 1.3896e-12 155.024 5.33502e-13 -1.75342e-13 1.3896e-12 -1.75342e-13 1.22708e-15
Strain 0 0.0008 0 0.0008 0 0 0 0 0
Strain mean 8.16242e-21 0.0008 6.94802e-18 0.0008 -4.42964e-33 -8.7671e-19 6.94802e-18 -8.7671e-19 -4.54136e-33
Plastic strain_mean 2.66137e-18 2.48803e-05 0 2.48803e-05 -2.66137e-18 0 0 0 0
Plastic strain_rate_mean 0 0 0 0 0 0 0 0 0
Dissipation 0.000932548
End step 24
Begin step 25
Stress -4.28578e-13 160.213 4.29245e-13 160.213 4.78374e-13 -5.83216e-13 4.29245e-13 -5.83216e-13 1.49521e-14
Strain 0 0.000833333 0 0.000833333 0 0 0 0 0
Strain mean 9.94596e-20 0.000833333 2.14623e-18 0.000833333 -2.72519e-32 -2.91608e-18 2.14623e-18 -2.91608e-18 -5.68826e-33
Plastic strain_mean 2.31711e-18 3.22682e-05 0 3.22682e-05 -2.31711e-18 0 0 0 0
Plastic strain_rate_mean 0 0 0 0 0 0 0 0 0
Dissipation 0.00118355
End step 25
Begin step 26
Stress -4.15657e-13 165.098 -5.38658e-13 165.098 4.44395e-13 -1.48121e-12 -5.38658e-13 -1.48121e-12 8.62889e-15
Strain 0 0.000866667 0 0.000866667 0 0 0 0 0
Strain mean 5.73984e-20 0.000866667 -2.69329e-18 0.000866667 -1.4926e-33 -7.40607e-18 -2.69329e-18 -7.40607e-18 -5.83421e-33
Plastic strain_mean 2.17883e-18 4.11781e-05 0 4.11781e-05 -2.17883e-18 0 0 0 0
Plastic strain_rate_mean 0 0 0 0 0 0 0 0 0
Dissipation 0.00147085
End step 26
Begin step 27
Stress -3.01698e-13 169.653 -1.37468e-12 169.653 3.27818e-13 -2.72129e-12 -1.37468e-12 -2.72129e-12 7.84286e-15
Strain 0 0.0009 0 0.0009 0 0 0 0 0
Strain mean 5.21698e-20 0.0009 -6.87342e-18 0.0009 4.39882e-31 -1.36064e-17 -6.87342e-18 -1.36064e-17 2.76401e-33
Plastic strain_mean 1.59987e-18 5.17352e-05 0 5.17352e-05 -1.59987e-18 0 0 0 0
Plastic strain_rate_mean 0 0 0 0 0 0 0 0 0
Dissipation 0.00179082
End step 27
Begin step 28
Stress -5.51798e-13 173.86 2.22612e-12 173.86 5.59826e-13 1.65376e-12 2.22612e-12 1.65376e-12 2.4105e-15
Strain 0 0.000933333 0 0.000933333 0 0 0 0 0
Strain mean 1.60344e-20 0.000933333 1.11306e-17 0.000933333 -3.17778e-31 8.26878e-18 1.11306e-17 8.26878e-18 -7.82409e-34
Plastic strain_mean 2.78708e-18 6.40323e-05 0 6.40323e-05 -2.78708e-18 0 0 0 0
Plastic strain_rate_mean 0 0 0 0 0 0 0 0 0
Dissipation 0.00213765
End step 28
Begin step 29
Stress -7.01215e-13 177.709 1.56026e-12 177.709 7.55025e-13 1.51021e-12 1.56026e-12 1.51021e-12 1.61573e-14
Strain 0 0.000966667 0 0.000966667 0 0 0 0 0
Strain mean 1.07477e-19 0.000966667 7.8013e-18 0.000966667 -1.04385e-31 7.55105e-18 7.8013e-18 7.55105e-18 -6.10881e-34
Plastic strain_mean 3.69434e-18 7.81239e-05 0 7.81239e-05 -3.69434e-18 0 0 0 0
Plastic strain_rate_mean 0 0 0 0 0 0 0 0 0
Dissipation 0.00250375
End step 29
Begin step 30
Stress -1.33033e-12 181.195 4.78117e-13 181.195 1.42684e-12 7.16865e-12 4.78117e-13 7.16865e-12 2.89784e-14
Strain 0 0.001 0 0.001 0 0 0 0 0
Strain mean 1.92761e-19 0.001 2.39058e-18 0.001 3.48112e-32 3.58432e-17 2.39058e-18 3.58432e-17 -1.80255e-33
Plastic strain_mean 6.9893e-18 9.40239e-05 0 9.40239e-05 -6.9893e-18 0 0 0 0
Plastic strain_rate_mean 0 0 0 0 0 0 0 0 0
Dissipation 0.00288041
End step 30
