Begin step 0
Stress 0 0 0 0 0 0 0 0 0
Strain 0 0 0 0 0 0 0 0 0
Strain mean 0 0 0 0 0 0 0 0 0
Plastic strain_mean 0 0 0 0 0 0 0 0 0
Plastic strain_rate_mean 0 0 0 0 0 0 0 0 0
Dissipation 0
End step 0
Begin step 1
Stress -5.47121e-14 6.45885 2.58542e-12 6.45885 5.53775e-14 -2.08053e-12 2.58542e-12 -2.08053e-12 1.99783e-16
Strain 0 3.33333e-05 0 3.33333e-05 0 0 0 0 0
Strain mean 1.32894e-21 3.33333e-05 1.29271e-17 3.33333e-05 -1.23982e-33 -1.04027e-17 1.29271e-17 -1.04027e-17 -3.81199e-33
Plastic strain_mean 2.75889e-19 1.03906e-06 0 1.03906e-06 -2.75889e-19 0 0 0 0
Plastic strain_rate_mean 0 0 0 0 0 0 0 0 0
Dissipation 6.71076e-06
End step 1
Begin step 2
Stress -1.07165e-13 12.7147 1.19062e-13 12.7147 1.03082e-13 2.42455e-12 1.19062e-13 2.42455e-12 -1.22599e-15
Strain 0 6.66667e-05 0 6.66667e-05 0 0 0 0 0
Strain mean -8.15516e-21 6.66667e-05 5.95312e-19 6.66667e-05 8.42594e-33 1.21228e-17 5.95312e-19 1.21228e-17 5.33392e-33
Plastic strain_mean 5.2154e-19 3.09299e-06 0 3.09299e-06 -5.2154e-19 0 0 0 0
Plastic strain_rate_mean 0 0 0 0 0 0 0 0 0
Dissipation 2.61129e-05
End step 2
Begin step 3
Stress -5.16138e-14 18.7709 -2.35647e-12 18.7709 4.7709e-14 3.137e-12 -2.35647e-12 3.137e-12 -1.1725e-15
Strain 0 0.0001 0 0.0001 0 0 0 0 0
Strain mean -7.79933e-21 0.0001 -1.17823e-17 0.0001 -9.10002e-33 1.5685e-17 -1.17823e-17 1.5685e-17 -3.52084e-34
Plastic strain_mean 2.44407e-19 6.14551e-06 0 6.14551e-06 -2.44407e-19 0 0 0 0
Plastic strain_rate_mean 0 0 0 0 0 0 0 0 0
Dissipation 5.72919e-05
End step 3
Begin step 4
Stress 1.3768e-14 24.6292 -3.39652e-12 24.6292 -2.22322e-14 4.37641e-12 -3.39652e-12 4.37641e-12 -2.54151e-15
Strain 0 0.000133333 0 0.000133333 0 0 0 0 0
Strain mean -1.69058e-20 0.000133333 -1.69826e-17 0.000133333 4.81482e-34 2.1882e-17 -1.69826e-17 2.1882e-17 1.26991e-33
Plastic strain_mean -9.84535e-20 1.01873e-05 0 1.01873e-05 9.84535e-20 0 0 0 0
Plastic strain_rate_mean 0 0 0 0 0 0 0 0 0
Dissipation 9.95306e-05
End step 4
Begin step 5
Stress -1.61327e-13 30.2903 -1.39642e-12 30.2903 1.52833e-13 1.52883e-12 -1.39642e-12 1.52883e-12 -2.55024e-15
Strain 0 0.000166667 0 0.000166667 0 0 0 0 0
Strain mean -1.69639e-20 0.000166667 -6.9821e-18 0.000166667 -1.47905e-32 7.64417e-18 -6.9821e-18 7.64417e-18 -2.29607e-33
Plastic strain_mean 7.76918e-19 1.52151e-05 0 1.52151e-05 -7.76918e-19 0 0 0 0
Plastic strain_rate_mean 0 0 0 0 0 0 0 0 0
Dissipation 0.000152267
End step 5
Begin step 6
Stress -4.60188e-13 35.7537 -2.42424e-12 35.7537 4.43027e-13 2.65144e-12 -2.42424e-12 2.65144e-12 -5.15288e-15
Strain 0 0.0002 0 0.0002 0 0 0 0 0
Strain mean -3.42764e-20 0.0002 -1.21212e-17 0.0002 -1.65389e-32 1.32572e-17 -1.21212e-17 1.32572e-17 -4.39353e-33
Plastic strain_mean 2.2409e-18 2.12316e-05 0 2.12316e-05 -2.2409e-18 0 0 0 0
Plastic strain_rate_mean 0 0 0 0 0 0 0 0 0
Dissipation 0.000215066
End step 6
Begin step 7
Stress -4.69179e-13 41.0177 -1.89782e-12 41.0177 4.50447e-13 1.88891e-12 -1.89782e-12 1.88891e-12 -5.6245e-15
Strain 0 0.000233333 0 0.000233333 0 0 0 0 0
Strain mean -3.74135e-20 0.000233333 -9.48911e-18 0.000233333 -8.64682e-32 9.44453e-18 -9.48911e-18 9.44453e-18 3.53589e-34
Plastic strain_mean 2.28036e-18 2.82449e-05 0 2.82449e-05 -2.28036e-18 0 0 0 0
Plastic strain_rate_mean 0 0 0 0 0 0 0 0 0
Dissipation 0.000287594
End step 7
Begin step 8
Stress -4.85929e-13 46.0797 -2.52293e-12 46.0797 5.0906e-13 2.83959e-12 -2.52293e-12 2.83959e-12 6.94547e-15
Strain 0 0.000266667 0 0.000266667 0 0 0 0 0
Strain mean 4.62005e-20 0.000266667 -1.26146e-17 0.000266667 2.96653e-32 1.41979e-17 -1.26146e-17 1.41979e-17 -1.08334e-34
Plastic strain_mean 2.51057e-18 3.62681e-05 0 3.62681e-05 -2.51057e-18 0 0 0 0
Plastic strain_rate_mean 0 0 0 0 0 0 0 0 0
Dissipation 0.000369604
End step 8
Begin step 9
Stress -5.98852e-13 50.936 -3.15749e-12 50.936 6.03543e-13 4.16903e-12 -3.15749e-12 4.16903e-12 1.40831e-15
Strain 0 0.0003 0 0.0003 0 0 0 0 0
Strain mean 9.36791e-21 0.0003 -1.57875e-17 0.0003 4.67038e-32 2.08451e-17 -1.57875e-17 2.08451e-17 -2.29908e-33
Plastic strain_mean 3.01067e-18 4.53201e-05 0 4.53201e-05 -3.01067e-18 0 0 0 0
Plastic strain_rate_mean 0 0 0 0 0 0 0 0 0
Dissipation 0.00046092
End step 9
Begin step 10
Stress -5.56162e-13 55.5817 -8.05207e-13 55.5817 5.36209e-13 9.12488e-13 -8.05207e-13 9.12488e-13 -5.99131e-15
Strain 0 0.000333333 0 0.000333333 0 0 0 0 0
Strain mean -3.98535e-20 0.000333333 -4.02604e-18 0.000333333 -2.40723e-31 4.56244e-18 -4.02604e-18 4.56244e-18 1.09838e-34
Plastic strain_mean 2.711e-18 5.54248e-05 0 5.54248e-05 -2.711e-18 0 0 0 0
Plastic strain_rate_mean 0 0 0 0 0 0 0 0 0
Dissipation 0.000561427
End step 10
Begin step 11
Stress -5.46364e-13 60.011 -8.3132e-13 60.011 5.08595e-13 1.54178e-12 -8.3132e-13 1.54178e-12 -1.13407e-14
Strain 0 0.000366667 0 0.000366667 0 0 0 0 0
Strain mean -7.54371e-20 0.000366667 -4.1566e-18 0.000366667 1.43494e-31 7.70889e-18 -4.1566e-18 7.70889e-18 -1.47529e-33
Plastic strain_mean 2.59968e-18 6.66116e-05 0 6.66116e-05 -2.59968e-18 0 0 0 0
Plastic strain_rate_mean 0 0 0 0 0 0 0 0 0
Dissipation 0.000671051
End step 11
Begin step 12
Stress -8.0147e-13 64.2169 -3.1727e-12 64.2169 7.67671e-13 -1.81515e-12 -3.1727e-12 -1.81515e-12 -1.01486e-14
Strain 0 0.0004 0 0.0004 0 0 0 0 0
Strain mean -6.7507e-20 0.0004 -1.58635e-17 0.0004 -1.13919e-31 -9.07574e-18 -1.58635e-17 -9.07574e-18 -3.59908e-33
Plastic strain_mean 3.8891e-18 7.89155e-05 0 7.89155e-05 -3.8891e-18 0 0 0 0
Plastic strain_rate_mean 0 0 0 0 0 0 0 0 0
Dissipation 0.000789746
End step 12
Begin step 13
Stress -5.98886e-13 68.1913 1.23708e-12 68.1913 6.27551e-13 1.54382e-12 1.23708e-12 1.54382e-12 8.60706e-15
Strain 0 0.000433333 0 0.000433333 0 0 0 0 0
Strain mean 5.72532e-20 0.000433333 6.18539e-18 0.000433333 -2.23986e-31 7.7191e-18 6.18539e-18 7.7191e-18 6.31946e-34
Plastic strain_mean 3.09472e-18 9.23769e-05 0 9.23769e-05 -3.09472e-18 0 0 0 0
Plastic strain_rate_mean 0 0 0 0 0 0 0 0 0
Dissipation 0.000917471
End step 13
Begin step 14
Stress -4.47401e-13 71.925 -2.00314e-12 71.925 4.17471e-13 3.83751e-13 -2.00314e-12 3.83751e-13 -8.98697e-15
Strain 0 0.000466667 0 0.000466667 0 0 0 0 0
Strain mean -5.97803e-20 0.000466667 -1.00157e-17 0.000466667 3.33956e-31 1.91875e-18 -1.00157e-17 1.91875e-18 1.73033e-33
Plastic strain_mean 2.13229e-18 0.000107042 0 0.000107042 -2.13229e-18 0 0 0 0
Plastic strain_rate_mean 0 0 0 0 0 0 0 0 0
Dissipation 0.00105415
End step 14
Begin step 15
Stress -5.7124e-13 75.4078 -2.17426e-12 75.4078 6.109e-13 2.19915e-13 -2.17426e-12 2.19915e-13 1.19084e-14
Strain 0 0.0005 0 0.0005 0 0 0 0 0
Strain mean 7.92133e-20 0.0005 -1.08713e-17 0.0005 -2.40741e-32 1.09957e-18 -1.08713e-17 1.09957e-18 -3.34028e-34
Plastic strain_mean 2.99496e-18 0.000122961 0 0.000122961 -2.99496e-18 0 0 0 0
Plastic strain_rate_mean 0 0 0 0 0 0 0 0 0
Dissipation 0.00119965
End step 15
Begin step 16
Stress 8.10076e-14 78.6289 3.201e-12 78.6289 -4.17117e-14 5.06621e-13 3.201e-12 5.06621e-13 1.17992e-14
Strain 0 0.000533333 0 0.000533333 0 0 0 0 0
Strain mean 7.84871e-20 0.000533333 1.6005e-17 0.000533333 1.61778e-32 2.53311e-18 1.6005e-17 2.53311e-18 -2.94306e-33
Plastic strain_mean -2.67555e-19 0.000140189 0 0.000140189 2.67555e-19 0 0 0 0
Plastic strain_rate_mean 0 0 0 0 0 0 0 0 0
Dissipation 0.00135364
End step 16
Begin step 17
Stress -8.32865e-13 81.577 3.83637e-12 81.577 7.68672e-13 1.11061e-12 3.83637e-12 1.11061e-12 -1.92753e-14
Strain 0 0.000566667 0 0.000566667 0 0 0 0 0
Strain mean -1.28217e-19 0.000566667 1.91818e-17 0.000566667 -3.2163e-32 5.55307e-18 1.91818e-17 5.55307e-18 5.49492e-33
Plastic strain_mean 3.93973e-18 0.000158782 0 0.000158782 -3.93973e-18 0 0 0 0
Plastic strain_rate_mean 0 0 0 0 0 0 0 0 0
Dissipation 0.00151556
End step 17
Begin step 18
Stress -8.99363e-13 84.241 4.47658e-14 84.241 8.35198e-13 -7.27221e-13 4.47658e-14 -7.27221e-13 -1.92665e-14
Strain 0 0.0006 0 0.0006 0 0 0 0 0
Strain mean -1.28159e-19 0.0006 2.23829e-19 0.0006 -4.02038e-32 -3.63611e-18 2.23829e-19 -3.63611e-18 -5.70256e-33
Plastic strain_mean 4.27232e-18 0.000178795 0 0.000178795 -4.27232e-18 0 0 0 0
Plastic strain_rate_mean 0 0 0 0 0 0 0 0 0
Dissipation 0.00168442
End step 18
Begin step 19
Stress -1.12479e-12 86.6117 5.48833e-13 86.6117 1.06854e-12 -4.60992e-13 5.48833e-13 -4.60992e-13 -1.6891e-14
Strain 0 0.000633333 0 0.000633333 0 0 0 0 0
Strain mean -1.12357e-19 0.000633333 2.74416e-18 0.000633333 1.30963e-32 -2.30496e-18 2.74416e-18 -2.30496e-18 -5.63372e-33
Plastic strain_mean 5.42714e-18 0.000200275 0 0.000200275 -5.42714e-18 0 0 0 0
Plastic strain_rate_mean 0 0 0 0 0 0 0 0 0
Dissipation 0.00185859
End step 19
Begin step 20
Stress -1.24087e-12 88.6826 -5.85176e-13 88.6826 1.30143e-12 1.14828e-12 -5.85176e-13 1.14828e-12 1.81836e-14
Strain 0 0.000666667 0 0.000666667 0 0 0 0 0
Strain mean 1.20955e-19 0.000666667 -2.92588e-18 0.000666667 3.17778e-32 5.74142e-18 -2.92588e-18 5.74142e-18 -5.95609e-33
Plastic strain_mean 6.41624e-18 0.000223254 0 0.000223254 -6.41624e-18 0 0 0 0
Plastic strain_rate_mean 0 0 0 0 0 0 0 0 0
Dissipation 0.00203558
End step 20
Begin step 21
Stress -1.30419e-12 90.4528 -1.64942e-12 90.4528 1.21072e-12 2.93367e-12 -1.64942e-12 2.93367e-12 -2.80657e-14
Strain 0 0.0007 0 0.0007 0 0 0 0 0
Strain mean -1.8669e-19 0.0007 -8.24709e-18 0.0007 -2.94667e-32 1.46684e-17 -8.24709e-18 1.46684e-17 -7.03855e-33
Plastic strain_mean 6.19391e-18 0.000247736 0 0.000247736 -6.19391e-18 0 0 0 0
Plastic strain_rate_mean 0 0 0 0 0 0 0 0 0
Dissipation 0.00221184
End step 21
Begin step 22
Stress 2.78397e-13 91.9286 2.43712e-12 91.9286 -2.44627e-13 -2.52994e-12 2.43712e-12 -2.52994e-12 1.01398e-14
Strain 0 0.000733333 0 0.000733333 0 0 0 0 0
Strain mean 6.74489e-20 0.000733333 1.21856e-17 0.000733333 -2.41223e-32 -1.26497e-17 1.21856e-17 -1.26497e-17 -1.32408e-33
Plastic strain_mean -1.27384e-18 0.00027369 0 0.00027369 1.27384e-18 0 0 0 0
Plastic strain_rate_mean 0 0 0 0 0 0 0 0 0
Dissipation 0.00238273
End step 22
Begin step 23
Stress 4.44765e-13 93.1259 -1.34102e-13 93.1259 -4.13031e-13 4.60737e-12 -1.34102e-13 4.60737e-12 9.52846e-15
Strain 0 0.000766667 0 0.000766667 0 0 0 0 0
Strain mean 6.33822e-20 0.000766667 -6.70512e-19 0.000766667 4.95927e-32 2.30368e-17 -6.70512e-19 2.30368e-17 -1.38426e-34
Plastic strain_mean -2.1128e-18 0.000301037 0 0.000301037 2.1128e-18 0 0 0 0
Plastic strain_rate_mean 0 0 0 0 0 0 0 0 0
Dissipation 0.00254289
End step 23
Begin step 24
Stress -2.41934e-13 94.0706 -2.14211e-12 94.0706 2.17792e-13 3.87608e-14 -2.14211e-12 3.87608e-14 -7.24897e-15
Strain 0 0.0008 0 0.0008 0 0 0 0 0
Strain mean -4.82193e-20 0.0008 -1.07105e-17 0.0008 -1.62741e-32 1.93804e-19 -1.07105e-17 1.93804e-19 1.95e-33
Plastic strain_mean 1.12521e-18 0.000329647 0 0.000329647 -1.12521e-18 0 0 0 0
Plastic strain_rate_mean 0 0 0 0 0 0 0 0 0
Dissipation 0.002687
End step 24
Begin step 25
Stress -4.04708e-13 94.7962 1.61039e-12 94.7962 3.79839e-13 7.35805e-13 1.61039e-12 7.35805e-13 -7.46731e-15
Strain 0 0.000833333 0 0.000833333 0 0 0 0 0
Strain mean -4.96717e-20 0.000833333 8.05196e-18 0.000833333 7.58816e-32 3.67902e-18 8.05196e-18 3.67902e-18 2.64815e-34
Plastic strain_mean 1.93653e-18 0.000359352 0 0.000359352 -1.93653e-18 0 0 0 0
Plastic strain_rate_mean 0 0 0 0 0 0 0 0 0
Dissipation 0.00281092
End step 25
Begin step 26
Stress 6.67822e-13 95.341 1.68112e-12 95.341 -5.94902e-13 3.20161e-12 1.68112e-12 3.20161e-12 2.18954e-14
Strain 0 0.000866667 0 0.000866667 0 0 0 0 0
Strain mean 1.45646e-19 0.000866667 8.40561e-18 0.000866667 1.00822e-31 1.60081e-17 8.40561e-18 1.60081e-17 -1.65811e-33
Plastic strain_mean -3.08399e-18 0.000389961 0 0.000389961 3.08399e-18 0 0 0 0
Plastic strain_rate_mean 0 0 0 0 0 0 0 0 0
Dissipation 0.00291267
End step 26
Begin step 27
Stress -1.5947e-12 95.7434 1.73227e-12 95.7434 1.61642e-12 6.25253e-12 1.73227e-12 6.25253e-12 6.5197e-15
Strain 0 0.0009 0 0.0009 0 0 0 0 0
Strain mean 4.33683e-20 0.0009 8.66133e-18 0.0009 -5.05557e-34 3.12626e-17 8.66133e-18 3.12626e-17 3.98239e-33
Plastic strain_mean 8.04949e-18 0.000421283 0 0.000421283 -8.04949e-18 0 0 0 0
Plastic strain_rate_mean 0 0 0 0 0 0 0 0 0
Dissipation 0.00299262
End step 27
Begin step 28
Stress -2.23042e-12 96.0377 1.18961e-12 96.0377 2.14554e-12 2.1931e-12 1.18961e-12 2.1931e-12 -2.54849e-14
Strain 0 0.000933333 0 0.000933333 0 0 0 0 0
Strain mean -1.69523e-19 0.000933333 5.94804e-18 0.000933333 -7.57131e-33 1.09655e-17 5.94804e-18 1.09655e-17 1.92254e-33
Plastic strain_mean 1.08551e-17 0.000453145 0 0.000453145 -1.08551e-17 0 0 0 0
Plastic strain_rate_mean 0 0 0 0 0 0 0 0 0
Dissipation 0.00305312
End step 28
Begin step 29
Stress -2.36134e-12 96.2529 3.12847e-13 96.2529 2.3037e-12 4.02431e-13 3.12847e-13 4.02431e-13 -1.73102e-14
Strain 0 0.000966667 0 0.000966667 0 0 0 0 0
Strain mean -1.15145e-19 0.000966667 1.56424e-18 0.000966667 3.05741e-33 2.01215e-18 1.56424e-18 2.01215e-18 4.75464e-34
Plastic strain_mean 1.1605e-17 0.000485402 0 0.000485402 -1.1605e-17 0 0 0 0
Plastic strain_rate_mean 0 0 0 0 0 0 0 0 0
Dissipation 0.00309756
End step 29
Begin step 30
Stress -2.04733e-12 96.4114 5.3798e-13 96.4114 2.01529e-12 -3.15247e-13 5.3798e-13 -3.15247e-13 -9.62017e-15
Strain 0 0.001 0 0.001 0 0 0 0 0
Strain mean -6.39922e-20 0.001 2.6899e-18 0.001 4.44168e-33 -1.57623e-18 2.6899e-18 -1.57623e-18 -2.1441e-34
Plastic strain_mean 1.01246e-17 0.000517943 0 0.000517943 -1.01246e-17 0 0 0 0
Plastic strain_rate_mean 0 0 0 0 0 0 0 0 0
Dissipation 0.00312948
End step 30
