Begin step 0
Stress 0 0 0 0 0 0 0 0 0
Strain 0 0 0 0 0 0 0 0 0
Strain mean 0 0 0 0 0 0 0 0 0
Plastic strain_mean 0 0 0 0 0 0 0 0 0
Plastic strain_rate_mean 0 0 0 0 0 0 0 0 0
Dissipation 0
End step 0
Begin step 1
Stress -2.16725e-14 6.6564 -3.25887e-12 6.6564 1.96583e-14 2.24082e-12 -3.25887e-12 2.24082e-12 -6.04808e-16
Strain 0 3.33333e-05 0 3.33333e-05 0 0 0 0 0
Strain mean -4.02312e-21 3.33333e-05 -1.62943e-17 3.33333e-05 3.77964e-33 1.12041e-17 -1.62943e-17 1.12041e-17 8.17016e-34
Plastic strain_mean 1.01316e-19 5.13295e-08 0 5.13295e-08 -1.01316e-19 0 0 0 0
Plastic strain_rate_mean 0 0 0 0 0 0 0 0 0
Dissipation 3.41669e-07
End step 1
Begin step 2
Stress -8.64995e-14 13.3026 1.71476e-12 13.3026 8.76447e-14 -5.65314e-12 1.71476e-12 -5.65314e-12 3.43889e-16
Strain 0 6.66667e-05 0 6.66667e-05 0 0 0 0 0
Strain mean 2.28751e-21 6.66667e-05 8.57382e-18 6.66667e-05 1.09056e-32 -2.82657e-17 8.57382e-18 -2.82657e-17 -7.88428e-34
Plastic strain_mean 4.36504e-19 1.53909e-07 0 1.53909e-07 -4.36504e-19 0 0 0 0
Plastic strain_rate_mean 0 0 0 0 0 0 0 0 0
Dissipation 1.36457e-06
End step 2
Begin step 3
Stress -1.51548e-13 19.9385 1.71595e-12 19.9385 1.54857e-13 -5.6445e-12 1.71595e-12 -5.6445e-12 9.93458e-16
Strain 0 0.0001 0 0.0001 0 0 0 0 0
Strain mean 6.60837e-21 0.0001 8.57973e-18 0.0001 7.46298e-33 -2.82225e-17 8.57973e-18 -2.82225e-17 -1.45047e-33
Plastic strain_mean 7.69317e-19 3.0766e-07 0 3.0766e-07 -7.69317e-19 0 0 0 0
Plastic strain_rate_mean 0 0 0 0 0 0 0 0 0
Dissipation 3.06554e-06
End step 3
Begin step 4
Stress -2.26307e-13 26.5642 1.71796e-12 26.5642 2.1732e-13 -5.63136e-12 1.71796e-12 -5.63136e-12 -2.69871e-15
Strain 0 0.000133333 0 0.000133333 0 0 0 0 0
Strain mean -1.79515e-20 0.000133333 8.58978e-18 0.000133333 8.16113e-33 -2.81568e-17 8.58978e-18 -2.81568e-17 -1.13449e-33
Plastic strain_mean 1.10009e-18 5.12503e-07 0 5.12503e-07 -1.10009e-18 0 0 0 0
Plastic strain_rate_mean 0 0 0 0 0 0 0 0 0
Dissipation 5.44145e-06
End step 4
Begin step 5
Stress -2.77448e-13 33.1797 1.72296e-12 33.1797 2.89359e-13 -5.61946e-12 1.72296e-12 -5.61946e-12 3.57645e-15
Strain 0 0.000166667 0 0.000166667 0 0 0 0 0
Strain mean 2.37901e-20 0.000166667 8.6148e-18 0.000166667 1.08574e-32 -2.80973e-17 8.6148e-18 -2.80973e-17 -7.55326e-34
Plastic strain_mean 1.42891e-18 7.68359e-07 0 7.68359e-07 -1.42891e-18 0 0 0 0
Plastic strain_rate_mean 0 0 0 0 0 0 0 0 0
Dissipation 8.48915e-06
End step 5
Begin step 6
Stress -3.63385e-13 39.785 1.72017e-12 39.785 3.45846e-13 -5.60812e-12 1.72017e-12 -5.60812e-12 -5.26642e-15
Strain 0 0.0002 0 0.0002 0 0 0 0 0
Strain mean -3.50316e-20 0.0002 8.60085e-18 0.0002 1.75741e-32 -2.80406e-17 8.60085e-18 -2.80406e-17 -1.21273e-33
Plastic strain_mean 1.75556e-18 1.07515e-06 0 1.07515e-06 -1.75556e-18 0 0 0 0
Plastic strain_rate_mean 0 0 0 0 0 0 0 0 0
Dissipation 1.22055e-05
End step 6
Begin step 7
Stress -2.1564e-13 46.38 -5.0871e-13 46.38 2.12477e-13 3.34469e-12 -5.0871e-13 3.34469e-12 -9.49789e-16
Strain 0 0.000233333 0 0.000233333 0 0 0 0 0
Strain mean -6.31789e-21 0.000233333 -2.54355e-18 0.000233333 1.47815e-32 1.67235e-17 -2.54355e-18 1.67235e-17 -8.8352e-33
Plastic strain_mean 1.06713e-18 1.43316e-06 0 1.43316e-06 -1.06713e-18 0 0 0 0
Plastic strain_rate_mean 0 0 0 0 0 0 0 0 0
Dissipation 1.66046e-05
End step 7
Begin step 8
Stress -1.93137e-13 52.9642 3.52006e-12 52.9642 2.34672e-13 -2.29283e-12 3.52006e-12 -2.29283e-12 1.24717e-14
Strain 0 0.000266667 0 0.000266667 0 0 0 0 0
Strain mean 8.29604e-20 0.000266667 1.76003e-17 0.000266667 -1.39028e-33 -1.14641e-17 1.76003e-17 -1.14641e-17 3.43658e-33
Plastic strain_mean 1.111e-18 1.84577e-06 0 1.84577e-06 -1.111e-18 0 0 0 0
Plastic strain_rate_mean 0 0 0 0 0 0 0 0 0
Dissipation 2.18531e-05
End step 8
Begin step 9
Stress -2.4024e-13 59.5344 3.54395e-12 59.5344 2.28053e-13 -2.26027e-12 3.54395e-12 -2.26027e-12 -3.65942e-15
Strain 0 0.0003 0 0.0003 0 0 0 0 0
Strain mean -2.4342e-20 0.0003 1.77198e-17 0.0003 -5.81149e-32 -1.13013e-17 1.77198e-17 -1.13013e-17 7.10187e-33
Plastic strain_mean 1.15856e-18 2.32777e-06 0 2.32777e-06 -1.15856e-18 0 0 0 0
Plastic strain_rate_mean 0 0 0 0 0 0 0 0 0
Dissipation 2.86949e-05
End step 9
Begin step 10
Stress -1.76138e-13 66.0859 6.0908e-13 66.0859 1.72473e-13 -1.67146e-12 6.0908e-13 -1.67146e-12 -1.10045e-15
Strain 0 0.000333333 0 0.000333333 0 0 0 0 0
Strain mean -7.32004e-21 0.000333333 3.0454e-18 0.000333333 3.4426e-32 -8.35731e-18 3.0454e-18 -8.35731e-18 -5.59723e-34
Plastic strain_mean 8.67867e-19 2.90401e-06 0 2.90401e-06 -8.67867e-19 0 0 0 0
Plastic strain_rate_mean 0 0 0 0 0 0 0 0 0
Dissipation 3.80811e-05
End step 10
Begin step 11
Stress -1.65658e-13 72.6099 3.55495e-12 72.6099 1.4902e-13 -4.75385e-12 3.55495e-12 -4.75385e-12 -4.99567e-15
Strain 0 0.000366667 0 0.000366667 0 0 0 0 0
Strain mean -3.32306e-20 0.000366667 1.77747e-17 0.000366667 1.89177e-32 -2.37693e-17 1.77747e-17 -2.37693e-17 6.60835e-33
Plastic strain_mean 7.70079e-19 3.61721e-06 0 3.61721e-06 -7.70079e-19 0 0 0 0
Plastic strain_rate_mean 0 0 0 0 0 0 0 0 0
Dissipation 5.17837e-05
End step 11
Begin step 12
Stress -1.09112e-13 79.0903 -2.69479e-12 79.0903 1.15845e-13 1.2798e-12 -2.69479e-12 1.2798e-12 2.02185e-15
Strain 0 0.0004 0 0.0004 0 0 0 0 0
Strain mean 1.34491e-20 0.0004 -1.34739e-17 0.0004 -2.96413e-33 6.39899e-18 -1.34739e-17 6.39899e-18 -3.91957e-34
Plastic strain_mean 5.69116e-19 4.54864e-06 0 4.54864e-06 -5.69116e-19 0 0 0 0
Plastic strain_rate_mean 0 0 0 0 0 0 0 0 0
Dissipation 7.36654e-05
End step 12
Begin step 13
Stress -1.91793e-13 85.4913 4.94544e-12 85.4913 2.74166e-13 -2.64309e-12 4.94544e-12 -2.64309e-12 2.47338e-14
Strain 0 0.000433333 0 0.000433333 0 0 0 0 0
Strain mean 1.64527e-19 0.000433333 2.47272e-17 0.000433333 6.0739e-32 -1.32154e-17 2.47272e-17 -1.32154e-17 5.04052e-33
Plastic strain_mean 1.24716e-18 5.87693e-06 0 5.87693e-06 -1.24716e-18 0 0 0 0
Plastic strain_rate_mean 0 0 0 0 0 0 0 0 0
Dissipation 0.000113553
End step 13
Begin step 14
Stress -5.02834e-13 91.712 8.37143e-13 91.712 5.81178e-13 1.25041e-12 8.37143e-13 1.25041e-12 2.35242e-14
Strain 0 0.000466667 0 0.000466667 0 0 0 0 0
Strain mean 1.5648e-19 0.000466667 4.18572e-18 0.000466667 -6.77927e-32 6.25205e-18 4.18572e-18 6.25205e-18 6.74075e-34
Plastic strain_mean 2.78827e-18 8.10669e-06 0 8.10669e-06 -2.78827e-18 0 0 0 0
Plastic strain_rate_mean 0 0 0 0 0 0 0 0 0
Dissipation 0.000204486
End step 14
Begin step 15
Stress -4.53536e-13 97.2922 8.75968e-13 97.2922 4.63804e-13 2.27967e-13 8.75968e-13 2.27967e-13 3.08299e-15
Strain 0 0.0005 0 0.0005 0 0 0 0 0
Strain mean 2.05077e-20 0.0005 4.37984e-18 0.0005 -4.34682e-31 1.13984e-18 4.37984e-18 1.13984e-18 -1.7875e-33
Plastic strain_mean 2.3036e-18 1.3539e-05 0 1.3539e-05 -2.3036e-18 0 0 0 0
Plastic strain_rate_mean 0 0 0 0 0 0 0 0 0
Dissipation 0.000528479
End step 15
Begin step 16
Stress -1.41637e-12 100.155 -7.13657e-13 100.155 1.3539e-12 -2.36069e-13 -7.13657e-13 -2.36069e-13 -1.876e-14
Strain 0 0.000533333 0 0.000533333 0 0 0 0 0
Strain mean -1.24789e-19 0.000533333 -3.56829e-18 0.000533333 7.48705e-33 -1.18034e-18 -3.56829e-18 -1.18034e-18 2.9062e-33
Plastic strain_mean 6.86328e-18 3.25587e-05 0 3.25587e-05 -6.86328e-18 0 0 0 0
Plastic strain_rate_mean 0 0 0 0 0 0 0 0 0
Dissipation 0.00190463
End step 16
Begin step 17
Stress -1.88355e-12 100.627 -1.78685e-12 100.627 1.88217e-12 8.55675e-13 -1.78685e-12 8.55675e-13 -4.14851e-16
Strain 0 0.000566667 0 0.000566667 0 0 0 0 0
Strain mean -2.75954e-21 0.000566667 -8.93425e-18 0.000566667 -1.58889e-33 4.27837e-18 -8.93425e-18 4.27837e-18 2.46609e-33
Plastic strain_mean 9.41293e-18 6.35297e-05 0 6.35297e-05 -9.41293e-18 0 0 0 0
Plastic strain_rate_mean 0 0 0 0 0 0 0 0 0
Dissipation 0.00311585
End step 17
Begin step 18
Stress -4.83285e-13 100.694 1.39093e-13 100.694 4.309e-13 1.56038e-12 1.39093e-13 1.56038e-12 -1.57294e-14
Strain 0 0.0006 0 0.0006 0 0 0 0 0
Strain mean -1.0463e-19 0.0006 6.95467e-19 0.0006 1.56482e-34 7.80188e-18 6.95467e-19 7.80188e-18 9.0278e-35
Plastic strain_mean 2.23315e-18 9.65278e-05 0 9.65278e-05 -2.23315e-18 0 0 0 0
Plastic strain_rate_mean 0 0 0 0 0 0 0 0 0
Dissipation 0.0033218
End step 18
Begin step 19
Stress -1.13153e-13 100.721 7.26179e-13 100.721 1.33063e-13 -1.37272e-13 7.26179e-13 -1.37272e-13 5.97821e-15
Strain 0 0.000633333 0 0.000633333 0 0 0 0 0
Strain mean 3.97664e-20 0.000633333 3.6309e-18 0.000633333 1.73334e-33 -6.86361e-19 3.6309e-18 -6.86361e-19 -3.56899e-33
Plastic strain_mean 6.35422e-19 0.000129729 0 0.000129729 -6.35422e-19 0 0 0 0
Plastic strain_rate_mean 0 0 0 0 0 0 0 0 0
Dissipation 0.00334293
End step 19
Begin step 20
Stress 1.50283e-13 100.743 3.42386e-13 100.743 -1.34736e-13 -5.68813e-13 3.42386e-13 -5.68813e-13 4.66816e-15
Strain 0 0.000666667 0 0.000666667 0 0 0 0 0
Strain mean 3.10521e-20 0.000666667 1.71193e-18 0.000666667 -2.76852e-34 -2.84407e-18 1.71193e-18 -2.84407e-18 -2.88589e-33
Plastic strain_mean -6.9702e-19 0.000162951 0 0.000162951 6.9702e-19 0 0 0 0
Plastic strain_rate_mean 0 0 0 0 0 0 0 0 0
Dissipation 0.00334561
End step 20
Begin step 21
Stress 1.24653e-13 100.765 2.50547e-13 100.765 -1.50249e-13 -4.74848e-13 2.50547e-13 -4.74848e-13 -7.68565e-15
Strain 0 0.0007 0 0.0007 0 0 0 0 0
Strain mean -5.11241e-20 0.0007 1.25273e-18 0.0007 -1.02315e-34 -2.37424e-18 1.25273e-18 -2.37424e-18 -1.52269e-33
Plastic strain_mean -7.12817e-19 0.000196176 0 0.000196176 7.12817e-19 0 0 0 0
Plastic strain_rate_mean 0 0 0 0 0 0 0 0 0
Dissipation 0.00334652
End step 21
Begin step 22
Stress 1.09723e-13 100.786 1.77506e-13 100.786 -1.36017e-13 -3.78888e-13 1.77506e-13 -3.78888e-13 -7.89526e-15
Strain 0 0.000733333 0 0.000733333 0 0 0 0 0
Strain mean -5.25184e-20 0.000733333 8.87532e-19 0.000733333 1.80556e-35 -1.89444e-18 8.87532e-19 -1.89444e-18 -1.05023e-33
Plastic strain_mean -6.40609e-19 0.000229403 0 0.000229403 6.40609e-19 0 0 0 0
Plastic strain_rate_mean 0 0 0 0 0 0 0 0 0
Dissipation 0.00334723
End step 22
Begin step 23
Stress -6.47139e-13 100.807 -2.05212e-12 100.807 6.23113e-13 -7.3385e-13 -2.05212e-12 -7.3385e-13 -7.21403e-15
Strain 0 0.000766667 0 0.000766667 0 0 0 0 0
Strain mean -4.79869e-20 0.000766667 -1.02606e-17 0.000766667 -1.17963e-33 -3.66925e-18 -1.02606e-17 -3.66925e-18 -1.96355e-34
Plastic strain_mean 3.15164e-18 0.000262631 0 0.000262631 -3.15164e-18 0 0 0 0
Plastic strain_rate_mean 0 0 0 0 0 0 0 0 0
Dissipation 0.00334789
End step 23
Begin step 24
Stress -5.75882e-13 100.828 -1.45973e-12 100.828 5.99617e-13 -5.72732e-13 -1.45973e-12 -5.72732e-13 7.1267e-15
Strain 0 0.0008 0 0.0008 0 0 0 0 0
Strain mean 4.7406e-20 0.0008 -7.29863e-18 0.0008 -1.33611e-33 -2.86366e-18 -7.29863e-18 -2.86366e-18 -3.47288e-34
Plastic strain_mean 2.96245e-18 0.00029586 0 0.00029586 -2.96245e-18 0 0 0 0
Plastic strain_rate_mean 0 0 0 0 0 0 0 0 0
Dissipation 0.00334853
End step 24
Begin step 25
Stress -5.79491e-13 100.849 -1.07804e-12 100.849 5.27688e-13 -4.64229e-13 -1.07804e-12 -4.64229e-13 -1.55547e-14
Strain 0 0.000833333 0 0.000833333 0 0 0 0 0
Strain mean -1.03468e-19 0.000833333 -5.39022e-18 0.000833333 1.70926e-33 -2.32114e-18 -5.39022e-18 -2.32114e-18 -3.55046e-34
Plastic strain_mean 2.71621e-18 0.000329089 0 0.000329089 -2.71621e-18 0 0 0 0
Plastic strain_rate_mean 0 0 0 0 0 0 0 0 0
Dissipation 0.00334916
End step 25
Begin step 26
Stress -5.2101e-13 100.87 -7.97508e-13 100.87 4.87154e-13 -3.83225e-13 -7.97508e-13 -3.83225e-13 -1.0166e-14
Strain 0 0.000866667 0 0.000866667 0 0 0 0 0
Strain mean -6.76232e-20 0.000866667 -3.98754e-18 0.000866667 -6.1389e-34 -1.91613e-18 -3.98754e-18 -1.91613e-18 -3.39765e-34
Plastic strain_mean 2.4866e-18 0.000362318 0 0.000362318 -2.4866e-18 0 0 0 0
Plastic strain_rate_mean 0 0 0 0 0 0 0 0 0
Dissipation 0.00334977
End step 26
Begin step 27
Stress -4.05085e-13 100.89 -6.16769e-13 100.89 4.70878e-13 -3.20295e-13 -6.16769e-13 -3.20295e-13 1.97556e-14
Strain 0 0.0009 0 0.0009 0 0 0 0 0
Strain mean 1.31412e-19 0.0009 -3.08385e-18 0.0009 -7.52316e-34 -1.60147e-18 -3.08385e-18 -1.60147e-18 -5.11951e-34
Plastic strain_mean 2.25561e-18 0.000395548 0 0.000395548 -2.25561e-18 0 0 0 0
Plastic strain_rate_mean 0 0 0 0 0 0 0 0 0
Dissipation 0.00335037
End step 27
Begin step 28
Stress -4.11404e-13 100.911 -4.40146e-13 100.911 3.96686e-13 -2.651e-13 -4.40146e-13 -2.651e-13 -4.41925e-15
Strain 0 0.000933333 0 0.000933333 0 0 0 0 0
Strain mean -2.93963e-20 0.000933333 -2.20073e-18 0.000933333 1.60093e-33 -1.3255e-18 -2.20073e-18 -1.3255e-18 -1.68331e-34
Plastic strain_mean 2.00553e-18 0.000428779 0 0.000428779 -2.00553e-18 0 0 0 0
Plastic strain_rate_mean 0 0 0 0 0 0 0 0 0
Dissipation 0.00335097
End step 28
Begin step 29
Stress -3.77966e-13 100.931 -3.09281e-13 100.931 3.6956e-13 -2.21974e-13 -3.09281e-13 -2.21974e-13 -2.52404e-15
Strain 0 0.000966667 0 0.000966667 0 0 0 0 0
Strain mean -1.67896e-20 0.000966667 -1.5464e-18 0.000966667 -1.74537e-34 -1.10987e-18 -1.5464e-18 -1.10987e-18 -3.74654e-34
Plastic strain_mean 1.86042e-18 0.000462009 0 0.000462009 -1.86042e-18 0 0 0 0
Plastic strain_rate_mean 0 0 0 0 0 0 0 0 0
Dissipation 0.00335157
End step 29
Begin step 30
Stress 1.89521e-12 100.952 -3.9331e-12 100.952 -1.82494e-12 -2.56162e-12 -3.9331e-12 -2.56162e-12 2.11006e-14
Strain 0 0.001 0 0.001 0 0 0 0 0
Strain mean 1.40359e-19 0.001 -1.96655e-17 0.001 5.22408e-33 -1.28081e-17 -1.96655e-17 -1.28081e-17 2.54885e-33
Plastic strain_mean -9.23021e-18 0.00049524 0 0.00049524 9.23021e-18 0 0 0 0
Plastic strain_rate_mean 0 0 0 0 0 0 0 0 0
Dissipation 0.00335216
End step 30
