Begin step 0
Stress 0 0 0 0 0 0 0 0 0
Strain 0 0 0 0 0 0 0 0 0
Strain mean 0 0 0 0 0 0 0 0 0
Plastic strain_mean 0 0 0 0 0 0 0 0 0
Plastic strain_rate_mean 0 0 0 0 0 0 0 0 0
Dissipation 0
End step 0
Begin step 1
Stress -7.63233e-16 6.6641 -3.64622e-13 6.6641 1.12136e-15 1.89585e-12 -3.64622e-13 1.89585e-12 1.07534e-16
Strain 0 3.33333e-05 0 3.33333e-05 0 0 0 0 0
Strain mean 7.15301e-22 3.33333e-05 -1.82311e-18 3.33333e-05 -6.74075e-34 9.47923e-18 -1.82311e-18 9.47923e-18 1.50087e-33
Plastic strain_mean 5.06913e-21 1.28472e-08 0 1.28472e-08 -5.06913e-21 0 0 0 0
Plastic strain_rate_mean 0 0 0 0 0 0 0 0 0
Dissipation 8.56152e-08
End step 1
Begin step 2
Stress 1.86035e-14 13.3256 3.11435e-12 13.3256 -2.19411e-14 2.06184e-12 3.11435e-12 2.06184e-12 -1.00219e-15
Strain 0 6.66667e-05 0 6.66667e-05 0 0 0 0 0
Strain mean -6.66646e-21 6.66667e-05 1.55718e-17 6.66667e-05 3.08149e-32 1.03092e-17 1.55718e-17 1.03092e-17 4.95626e-33
Plastic strain_mean -1.04695e-19 3.85368e-08 0 3.85368e-08 1.04695e-19 0 0 0 0
Plastic strain_rate_mean 0 0 0 0 0 0 0 0 0
Dissipation 3.42329e-07
End step 2
Begin step 3
Stress 4.65752e-14 19.9846 3.03632e-12 19.9846 -4.03835e-14 2.00357e-12 3.03632e-12 2.00357e-12 1.85919e-15
Strain 0 0.0001 0 0.0001 0 0 0 0 0
Strain mean 1.23671e-20 0.0001 1.51816e-17 0.0001 -1.13413e-31 1.00179e-17 1.51816e-17 1.00179e-17 4.5801e-33
Plastic strain_mean -2.11213e-19 7.70636e-08 0 7.70636e-08 2.11213e-19 0 0 0 0
Plastic strain_rate_mean 0 0 0 0 0 0 0 0 0
Dissipation 7.69942e-07
End step 3
Begin step 4
Stress 6.92072e-14 26.641 3.07631e-12 26.641 -6.15356e-14 2.0341e-12 3.07631e-12 2.0341e-12 2.30351e-15
Strain 0 0.000133333 0 0.000133333 0 0 0 0 0
Strain mean 1.53227e-20 0.000133333 1.53815e-17 0.000133333 5.29631e-32 1.01705e-17 1.53815e-17 1.01705e-17 5.10371e-33
Plastic strain_mean -3.19195e-19 1.28423e-07 0 1.28423e-07 3.19195e-19 0 0 0 0
Plastic strain_rate_mean 0 0 0 0 0 0 0 0 0
Dissipation 1.36826e-06
End step 4
Begin step 5
Stress 9.30502e-14 33.2948 3.0687e-12 33.2948 -8.20846e-14 2.02604e-12 3.0687e-12 2.02604e-12 3.2926e-15
Strain 0 0.000166667 0 0.000166667 0 0 0 0 0
Strain mean 2.1902e-20 0.000166667 1.53435e-17 0.000166667 7.46298e-32 1.01302e-17 1.53435e-17 1.01302e-17 4.69144e-33
Plastic strain_mean -4.26886e-19 1.92609e-07 0 1.92609e-07 4.26886e-19 0 0 0 0
Plastic strain_rate_mean 0 0 0 0 0 0 0 0 0
Dissipation 2.13708e-06
End step 5
Begin step 6
Stress 1.00659e-13 39.9461 3.07119e-12 39.9461 -1.09559e-13 2.0264e-12 3.07119e-12 2.0264e-12 -2.67251e-15
Strain 0 0.0002 0 0.0002 0 0 0 0 0
Strain mean -1.77772e-20 0.0002 1.5356e-17 0.0002 -1.48537e-31 1.0132e-17 1.5356e-17 1.0132e-17 4.50186e-33
Plastic strain_mean -5.34434e-19 2.69618e-07 0 2.69618e-07 5.34434e-19 0 0 0 0
Plastic strain_rate_mean 0 0 0 0 0 0 0 0 0
Dissipation 3.0762e-06
End step 6
Begin step 7
Stress 1.5693e-13 46.5948 9.90125e-14 46.5948 -1.66202e-13 2.88658e-12 9.90125e-14 2.88658e-12 -2.78387e-15
Strain 0 0.000233333 0 0.000233333 0 0 0 0 0
Strain mean -1.8518e-20 0.000233333 4.95063e-19 0.000233333 -9.26854e-34 1.44329e-17 4.95063e-19 1.44329e-17 5.86807e-34
Plastic strain_mean -8.17089e-19 3.59548e-07 0 3.59548e-07 8.17089e-19 0 0 0 0
Plastic strain_rate_mean 0 0 0 0 0 0 0 0 0
Dissipation 4.19025e-06
End step 7
Begin step 8
Stress 1.74704e-13 53.2407 -2.57579e-12 53.2407 -1.36782e-13 1.93385e-12 -2.57579e-12 1.93385e-12 1.13866e-14
Strain 0 0.000266667 0 0.000266667 0 0 0 0 0
Strain mean 7.57421e-20 0.000266667 -1.2879e-17 0.000266667 9.26854e-34 9.66925e-18 -1.2879e-17 9.66925e-18 4.75464e-34
Plastic strain_mean -7.40844e-19 4.63348e-07 0 4.63348e-07 7.40844e-19 0 0 0 0
Plastic strain_rate_mean 0 0 0 0 0 0 0 0 0
Dissipation 5.52636e-06
End step 8
Begin step 9
Stress 8.75874e-14 59.883 -3.5667e-12 59.883 -8.99434e-14 3.84949e-12 -3.5667e-12 3.84949e-12 -7.07429e-16
Strain 0 0.0003 0 0.0003 0 0 0 0 0
Strain mean -4.70574e-21 0.0003 -1.78335e-17 0.0003 -3.96621e-33 1.92475e-17 -1.78335e-17 1.92475e-17 -4.56807e-33
Plastic strain_mean -4.4618e-19 5.84989e-07 0 5.84989e-07 4.4618e-19 0 0 0 0
Plastic strain_rate_mean 0 0 0 0 0 0 0 0 0
Dissipation 7.28421e-06
End step 9
Begin step 10
Stress 9.79999e-14 66.5204 1.10674e-12 66.5204 -9.90761e-14 -4.17892e-13 1.10674e-12 -4.17892e-13 -3.23147e-16
Strain 0 0.000333333 0 0.000333333 0 0 0 0 0
Strain mean -2.14953e-21 0.000333333 5.53369e-18 0.000333333 -8.57641e-34 -2.08946e-18 5.53369e-18 -2.08946e-18 3.26336e-33
Plastic strain_mean -4.93765e-19 7.31166e-07 0 7.31166e-07 4.93765e-19 0 0 0 0
Plastic strain_rate_mean 0 0 0 0 0 0 0 0 0
Dissipation 9.72368e-06
End step 10
Begin step 11
Stress 1.9406e-13 73.1506 -3.64089e-12 73.1506 -1.71649e-13 -1.46482e-12 -3.64089e-12 -1.46482e-12 6.72931e-15
Strain 0 0.000366667 0 0.000366667 0 0 0 0 0
Strain mean 4.47626e-20 0.000366667 -1.82044e-17 0.000366667 1.50463e-33 -7.32408e-18 -1.82044e-17 -7.32408e-18 1.71227e-33
Plastic strain_mean -8.91891e-19 9.13771e-07 0 9.13771e-07 8.91891e-19 0 0 0 0
Plastic strain_rate_mean 0 0 0 0 0 0 0 0 0
Dissipation 1.33576e-05
End step 11
Begin step 12
Stress 2.0063e-13 79.7687 -2.48067e-12 79.7687 -2.2752e-13 2.66799e-12 -2.48067e-12 2.66799e-12 -8.0743e-15
Strain 0 0.0004 0 0.0004 0 0 0 0 0
Strain mean -5.37093e-20 0.0004 -1.24034e-17 0.0004 2.35926e-33 1.334e-17 -1.24034e-17 1.334e-17 -2.19676e-33
Plastic strain_mean -1.09723e-18 1.15652e-06 0 1.15652e-06 1.09723e-18 0 0 0 0
Plastic strain_rate_mean 0 0 0 0 0 0 0 0 0
Dissipation 1.93634e-05
End step 12
Begin step 13
Stress 1.347e-13 86.3634 1.44284e-12 86.3634 -1.58726e-13 -2.61233e-13 1.44284e-12 -2.61233e-13 -7.21403e-15
Strain 0 0.000433333 0 0.000433333 0 0 0 0 0
Strain mean -4.79869e-20 0.000433333 7.21421e-18 0.000433333 -4.62223e-33 -1.30616e-18 7.21421e-18 -1.30616e-18 -3.13152e-34
Plastic strain_mean -7.57558e-19 1.51644e-06 0 1.51644e-06 7.57558e-19 0 0 0 0
Plastic strain_rate_mean 0 0 0 0 0 0 0 0 0
Dissipation 3.10838e-05
End step 13
Begin step 14
Stress 9.75941e-14 92.8948 1.83959e-12 92.8948 -1.67809e-13 1.42918e-12 1.83959e-12 1.42918e-12 -2.10831e-14
Strain 0 0.000466667 0 0.000466667 0 0 0 0 0
Strain mean -1.40243e-19 0.000466667 9.19795e-18 0.000466667 -2.26297e-33 7.14591e-18 9.19795e-18 7.14591e-18 -4.30212e-33
Plastic strain_mean -7.33629e-19 2.19243e-06 0 2.19243e-06 7.33629e-19 0 0 0 0
Plastic strain_rate_mean 0 0 0 0 0 0 0 0 0
Dissipation 6.27953e-05
End step 14
Begin step 15
Stress 2.37009e-12 98.9089 -2.56077e-12 98.9089 -2.44583e-12 8.22207e-13 -2.56077e-12 8.22207e-13 -2.27425e-14
Strain 0 0.0005 0 0.0005 0 0 0 0 0
Strain mean -1.51281e-19 0.0005 -1.28038e-17 0.0005 1.11126e-31 4.11104e-18 -1.28038e-17 4.11104e-18 1.22176e-33
Plastic strain_mean -1.21154e-17 5.45571e-06 0 5.45571e-06 1.21154e-17 0 0 0 0
Plastic strain_rate_mean 0 0 0 0 0 0 0 0 0
Dissipation 0.000322757
End step 15
Begin step 16
Stress -2.15592e-13 100.326 2.17795e-13 100.326 1.98373e-13 6.87502e-13 2.17795e-13 6.87502e-13 -5.17035e-15
Strain 0 0.000533333 0 0.000533333 0 0 0 0 0
Strain mean -3.43926e-20 0.000533333 1.08898e-18 0.000533333 -5.36853e-33 3.43751e-18 1.08898e-18 3.43751e-18 -1.95301e-33
Plastic strain_mean 1.01772e-18 3.17014e-05 0 3.17014e-05 -1.01772e-18 0 0 0 0
Plastic strain_rate_mean 0 0 0 0 0 0 0 0 0
Dissipation 0.00263291
End step 16
Begin step 17
Stress -1.5294e-12 100.388 -8.18066e-13 100.388 1.54916e-12 -1.57003e-13 -8.18066e-13 -1.57003e-13 5.93455e-15
Strain 0 0.000566667 0 0.000566667 0 0 0 0 0
Strain mean 3.94759e-20 0.000566667 -4.09033e-18 0.000566667 2.21181e-34 -7.85013e-19 -4.09033e-18 -7.85013e-19 -1.18866e-33
Plastic strain_mean 7.71614e-18 6.47253e-05 0 6.47253e-05 -7.71614e-18 0 0 0 0
Plastic strain_rate_mean 0 0 0 0 0 0 0 0 0
Dissipation 0.00331479
End step 17
Begin step 18
Stress 3.05064e-12 100.41 4.90928e-13 100.41 -3.03046e-12 -3.00123e-12 4.90928e-13 -3.00123e-12 6.06118e-15
Strain 0 0.0006 0 0.0006 0 0 0 0 0
Strain mean 4.03183e-20 0.0006 2.45464e-18 0.0006 -2.36408e-32 -1.50061e-17 2.45464e-18 -1.50061e-17 -3.08751e-33
Plastic strain_mean -1.51826e-17 9.79502e-05 0 9.79502e-05 1.51826e-17 0 0 0 0
Plastic strain_rate_mean 0 0 0 0 0 0 0 0 0
Dissipation 0.00333557
End step 18
Begin step 19
Stress 1.48432e-12 100.43 -1.33268e-13 100.43 -1.48505e-12 9.2436e-13 -1.33268e-13 9.2436e-13 -2.18342e-16
Strain 0 0.000633333 0 0.000633333 0 0 0 0 0
Strain mean -1.45239e-21 0.000633333 -6.66338e-19 0.000633333 -9.0278e-34 4.6218e-18 -6.66338e-19 4.6218e-18 -5.59723e-34
Plastic strain_mean -7.42417e-18 0.000131181 0 0.000131181 7.42417e-18 0 0 0 0
Plastic strain_rate_mean 0 0 0 0 0 0 0 0 0
Dissipation 0.00333672
End step 19
Begin step 20
Stress -2.87055e-13 100.451 1.53051e-12 100.451 3.08215e-13 -8.55318e-13 1.53051e-12 -8.55318e-13 6.35376e-15
Strain 0 0.000666667 0 0.000666667 0 0 0 0 0
Strain mean 4.22645e-20 0.000666667 7.65254e-18 0.000666667 1.37693e-33 -4.27659e-18 7.65254e-18 -4.27659e-18 1.20371e-34
Plastic strain_mean 1.50931e-18 0.000164412 0 0.000164412 -1.50931e-18 0 0 0 0
Plastic strain_rate_mean 0 0 0 0 0 0 0 0 0
Dissipation 0.00333736
End step 20
Begin step 21
Stress -2.1608e-13 100.471 8.72795e-13 100.471 2.07296e-13 -6.53242e-13 8.72795e-13 -6.53242e-13 -2.63758e-15
Strain 0 0.0007 0 0.0007 0 0 0 0 0
Strain mean -1.75449e-20 0.0007 4.36397e-18 0.0007 -2.72564e-33 -3.26621e-18 4.36397e-18 -3.26621e-18 -1.53473e-34
Plastic strain_mean 1.04967e-18 0.000197644 0 0.000197644 -1.04967e-18 0 0 0 0
Plastic strain_rate_mean 0 0 0 0 0 0 0 0 0
Dissipation 0.00333796
End step 21
Begin step 22
Stress -2.13329e-12 100.492 -4.66846e-12 100.492 2.10397e-12 -1.34283e-12 -4.66846e-12 -1.34283e-12 -8.80356e-15
Strain 0 0.000733333 0 0.000733333 0 0 0 0 0
Strain mean -5.85603e-20 0.000733333 -2.33423e-17 0.000733333 2.61806e-34 -6.71413e-18 -2.33423e-17 -6.71413e-18 -1.9154e-33
Plastic strain_mean 1.05639e-17 0.000230876 0 0.000230876 -1.05639e-17 0 0 0 0
Plastic strain_rate_mean 0 0 0 0 0 0 0 0 0
Dissipation 0.00333854
End step 22
Begin step 23
Stress 1.00061e-13 100.512 1.59408e-12 100.512 -8.54014e-15 2.4872e-13 1.59408e-12 2.4872e-13 2.74806e-14
Strain 0 0.000766667 0 0.000766667 0 0 0 0 0
Strain mean 1.82798e-19 0.000766667 7.97042e-18 0.000766667 -2.5143e-31 1.2436e-18 7.97042e-18 1.2436e-18 -2.91748e-33
Plastic strain_mean -1.80104e-19 0.000264107 0 0.000264107 1.80104e-19 0 0 0 0
Plastic strain_rate_mean 0 0 0 0 0 0 0 0 0
Dissipation 0.00333912
End step 23
Begin step 24
Stress -9.12085e-13 100.532 -1.99048e-12 100.532 8.91623e-13 -6.88626e-13 -1.99048e-12 -6.88626e-13 -6.14415e-15
Strain 0 0.0008 0 0.0008 0 0 0 0 0
Strain mean -4.08702e-20 0.0008 -9.95239e-18 0.0008 -2.09595e-33 -3.44313e-18 -9.95239e-18 -3.44313e-18 -6.43231e-34
Plastic strain_mean 4.48883e-18 0.000297339 0 0.000297339 -4.48883e-18 0 0 0 0
Plastic strain_rate_mean 0 0 0 0 0 0 0 0 0
Dissipation 0.00333969
End step 24
Begin step 25
Stress -5.80342e-13 100.553 -1.38695e-12 100.553 6.63966e-13 -4.92767e-13 -1.38695e-12 -4.92767e-13 2.51094e-14
Strain 0 0.000833333 0 0.000833333 0 0 0 0 0
Strain mean 1.67025e-19 0.000833333 -6.93473e-18 0.000833333 -1.36696e-33 -2.46383e-18 -6.93473e-18 -2.46383e-18 -8.36576e-34
Plastic strain_mean 3.19428e-18 0.00033057 0 0.00033057 -3.19428e-18 0 0 0 0
Plastic strain_rate_mean 0 0 0 0 0 0 0 0 0
Dissipation 0.00334026
End step 25
Begin step 26
Stress -1.55551e-12 100.573 -7.76539e-12 100.573 1.57772e-12 -2.24353e-12 -7.76539e-12 -2.24353e-12 6.66818e-15
Strain 0 0.000866667 0 0.000866667 0 0 0 0 0
Strain mean 4.43559e-20 0.000866667 -3.88269e-17 0.000866667 4.65834e-33 -1.12176e-17 -3.88269e-17 -1.12176e-17 3.73149e-34
Plastic strain_mean 7.85525e-18 0.000363802 0 0.000363802 -7.85525e-18 0 0 0 0
Plastic strain_rate_mean 0 0 0 0 0 0 0 0 0
Dissipation 0.00334084
End step 26
Begin step 27
Stress 2.84089e-12 100.593 -1.89134e-12 100.593 -2.81524e-12 8.84057e-13 -1.89134e-12 8.84057e-13 7.70312e-15
Strain 0 0.0009 0 0.0009 0 0 0 0 0
Strain mean 5.12403e-20 0.0009 -9.45669e-18 0.0009 -2.50949e-31 4.42029e-18 -9.45669e-18 4.42029e-18 5.51899e-33
Plastic strain_mean -1.41147e-17 0.000397033 0 0.000397033 1.41147e-17 0 0 0 0
Plastic strain_rate_mean 0 0 0 0 0 0 0 0 0
Dissipation 0.00334141
End step 27
Begin step 28
Stress 2.19475e-12 100.614 -1.27383e-12 100.614 -2.24853e-12 6.86023e-13 -1.27383e-12 6.86023e-13 -1.61486e-14
Strain 0 0.000933333 0 0.000933333 0 0 0 0 0
Strain mean -1.07419e-19 0.000933333 -6.36917e-18 0.000933333 1.26437e-31 3.43012e-18 -6.36917e-18 3.43012e-18 4.22727e-33
Plastic strain_mean -1.11619e-17 0.000430264 0 0.000430264 1.11619e-17 0 0 0 0
Plastic strain_rate_mean 0 0 0 0 0 0 0 0 0
Dissipation 0.00334199
End step 28
Begin step 29
Stress -2.52002e-12 100.634 -3.48951e-13 100.634 2.64854e-12 6.10118e-13 -3.48951e-13 6.10118e-13 3.85898e-14
Strain 0 0.000966667 0 0.000966667 0 0 0 0 0
Strain mean 2.56695e-19 0.000966667 -1.74476e-18 0.000966667 -3.71704e-32 3.05059e-18 -1.74476e-18 3.05059e-18 -8.96761e-34
Plastic strain_mean 1.30497e-17 0.000463495 0 0.000463495 -1.30497e-17 0 0 0 0
Plastic strain_rate_mean 0 0 0 0 0 0 0 0 0
Dissipation 0.00334256
End step 29
Begin step 30
Stress -2.4558e-12 100.655 -2.48088e-13 100.655 2.46915e-12 6.7405e-13 -2.48088e-13 6.7405e-13 4.00877e-15
Strain 0 0.001 0 0.001 0 0 0 0 0
Strain mean 2.66659e-20 0.001 -1.24044e-18 0.001 -9.29261e-33 3.37025e-18 -1.24044e-18 3.37025e-18 -5.80788e-34
Plastic strain_mean 1.23257e-17 0.000496726 0 0.000496726 -1.23257e-17 0 0 0 0
Plastic strain_rate_mean 0 0 0 0 0 0 0 0 0
Dissipation 0.00334314
End step 30
