Begin step 0
Stress 0 0 0 0 0 0 0 0 0
Strain 0 0 0 0 0 0 0 0 0
Strain mean 0 0 0 0 0 0 0 0 0
Plastic strain_mean 0 0 0 0 0 0 0 0 0
Plastic strain_rate_mean 0 0 0 0 0 0 0 0 0
Dissipation 0
End step 0
Begin step 1
Stress 3.65262e-14 6.61346 2.96578e-12 6.61346 -3.94657e-14 -3.59142e-12 2.96578e-12 -3.59142e-12 -8.82649e-16
Strain 0 3.33333e-05 0 3.33333e-05 0 0 0 0 0
Strain mean -5.87128e-21 3.33333e-05 1.48289e-17 3.33333e-05 -2.77099e-31 -1.79571e-17 1.48289e-17 -1.79571e-17 -6.43983e-34
Plastic strain_mean -1.92915e-19 2.66014e-07 0 2.66014e-07 1.92915e-19 0 0 0 0
Plastic strain_rate_mean 0 0 0 0 0 0 0 0 0
Dissipation 1.75925e-06
End step 1
Begin step 2
Stress 5.0033e-14 13.1737 2.86766e-12 13.1737 -4.59718e-14 1.04495e-12 2.86766e-12 1.04495e-12 1.21944e-15
Strain 0 6.66667e-05 0 6.66667e-05 0 0 0 0 0
Strain mean 8.11159e-21 6.66667e-05 1.43383e-17 6.66667e-05 9.70669e-32 5.22476e-18 1.43383e-17 5.22476e-18 3.7676e-33
Plastic strain_mean -2.35956e-19 7.98293e-07 0 7.98293e-07 2.35956e-19 0 0 0 0
Plastic strain_rate_mean 0 0 0 0 0 0 0 0 0
Dissipation 7.01191e-06
End step 2
Begin step 3
Stress 1.4183e-13 19.6801 -3.33111e-12 19.6801 -1.30203e-13 -1.88051e-12 -3.33111e-12 -1.88051e-12 3.49129e-15
Strain 0 0.0001 0 0.0001 0 0 0 0 0
Strain mean 2.32237e-20 0.0001 -1.66556e-17 0.0001 -6.31705e-32 -9.40255e-18 -1.66556e-17 -9.40255e-18 -2.92802e-33
Plastic strain_mean -6.68471e-19 1.59948e-06 0 1.59948e-06 6.68471e-19 0 0 0 0
Plastic strain_rate_mean 0 0 0 0 0 0 0 0 0
Dissipation 1.57669e-05
End step 3
Begin step 4
Stress 1.37194e-13 26.1317 2.345e-12 26.1317 -1.38721e-13 -4.27592e-12 2.345e-12 -4.27592e-12 -4.58519e-16
Strain 0 0.000133333 0 0.000133333 0 0 0 0 0
Strain mean -3.05002e-21 0.000133333 1.1725e-17 0.000133333 -6.82501e-33 -2.13796e-17 1.1725e-17 -2.13796e-17 7.24932e-33
Plastic strain_mean -6.91311e-19 2.67472e-06 0 2.67472e-06 6.91311e-19 0 0 0 0
Plastic strain_rate_mean 0 0 0 0 0 0 0 0 0
Dissipation 2.80969e-05
End step 4
Begin step 5
Stress 1.69618e-13 32.5269 4.89959e-12 32.5269 -1.57577e-13 -1.96681e-12 4.89959e-12 -1.96681e-12 3.61575e-15
Strain 0 0.000166667 0 0.000166667 0 0 0 0 0
Strain mean 2.40516e-20 0.000166667 2.4498e-17 0.000166667 8.42594e-34 -9.83405e-18 2.4498e-17 -9.83405e-18 5.11575e-34
Plastic strain_mean -8.05962e-19 4.03196e-06 0 4.03196e-06 8.05962e-19 0 0 0 0
Plastic strain_rate_mean 0 0 0 0 0 0 0 0 0
Dissipation 4.41448e-05
End step 5
Begin step 6
Stress 2.20035e-13 38.8635 1.01985e-11 38.8635 -2.20181e-13 -3.94888e-12 1.01985e-11 -3.94888e-12 -4.36685e-17
Strain 0 0.0002 0 0.0002 0 0 0 0 0
Strain mean -2.90478e-22 0.0002 5.09925e-17 0.0002 7.24631e-33 -1.97444e-17 5.09925e-17 -1.97444e-17 7.22224e-34
Plastic strain_mean -1.10069e-18 5.68234e-06 0 5.68234e-06 1.10069e-18 0 0 0 0
Plastic strain_rate_mean 0 0 0 0 0 0 0 0 0
Dissipation 6.41364e-05
End step 6
Begin step 7
Stress 1.45358e-13 45.1385 -3.4366e-13 45.1385 -1.57378e-13 1.16305e-12 -3.4366e-13 1.16305e-12 -3.6092e-15
Strain 0 0.000233333 0 0.000233333 0 0 0 0 0
Strain mean -2.4008e-20 0.000233333 -1.7183e-18 0.000233333 -5.95835e-33 5.81525e-18 -1.7183e-18 5.81525e-18 -3.66077e-33
Plastic strain_mean -7.68844e-19 7.64095e-06 0 7.64095e-06 7.68844e-19 0 0 0 0
Plastic strain_rate_mean 0 0 0 0 0 0 0 0 0
Dissipation 8.84031e-05
End step 7
Begin step 8
Stress 1.55331e-13 51.3478 -3.57265e-12 51.3478 -1.39224e-13 2.08747e-12 -3.57265e-12 2.08747e-12 4.83628e-15
Strain 0 0.000266667 0 0.000266667 0 0 0 0 0
Strain mean 3.21704e-20 0.000266667 -1.78633e-17 0.000266667 1.55639e-32 1.04374e-17 -1.78633e-17 1.04374e-17 -7.73381e-34
Plastic strain_mean -7.20302e-19 9.92784e-06 0 9.92784e-06 7.20302e-19 0 0 0 0
Plastic strain_rate_mean 0 0 0 0 0 0 0 0 0
Dissipation 0.000117418
End step 8
Begin step 9
Stress 1.14079e-13 57.4861 -7.68962e-12 57.4861 -1.3934e-13 4.40658e-12 -7.68962e-12 4.40658e-12 -7.58521e-15
Strain 0 0.0003 0 0.0003 0 0 0 0 0
Strain mean -5.0456e-20 0.0003 -3.84481e-17 0.0003 8.77502e-33 2.20329e-17 -3.84481e-17 2.20329e-17 -7.04168e-34
Plastic strain_mean -6.58776e-19 1.25697e-05 0 1.25697e-05 6.58776e-19 0 0 0 0
Plastic strain_rate_mean 0 0 0 0 0 0 0 0 0
Dissipation 0.000151858
End step 9
Begin step 10
Stress 1.04165e-14 63.5462 6.42749e-12 63.5462 -2.45817e-14 -2.60828e-12 6.42749e-12 -2.60828e-12 -4.25331e-15
Strain 0 0.000333333 0 0.000333333 0 0 0 0 0
Strain mean -2.82925e-20 0.000333333 3.21374e-17 0.000333333 5.59723e-32 -1.30414e-17 3.21374e-17 -1.30414e-17 5.75973e-33
Plastic strain_mean -1.01642e-19 1.56025e-05 0 1.56025e-05 1.01642e-19 0 0 0 0
Plastic strain_rate_mean 0 0 0 0 0 0 0 0 0
Dissipation 0.000192707
End step 10
Begin step 11
Stress -2.02866e-14 69.5181 8.10505e-13 69.5181 3.68587e-14 -1.73997e-12 8.10505e-13 -1.73997e-12 4.97602e-15
Strain 0 0.000366667 0 0.000366667 0 0 0 0 0
Strain mean 3.30999e-20 0.000366667 4.05252e-18 0.000366667 1.35682e-31 -8.69984e-18 4.05252e-18 -8.69984e-18 -2.21181e-33
Plastic strain_mean 1.59413e-19 1.90761e-05 0 1.90761e-05 -1.59413e-19 0 0 0 0
Plastic strain_rate_mean 0 0 0 0 0 0 0 0 0
Dissipation 0.000241448
End step 11
Begin step 12
Stress -3.93682e-14 75.3876 3.89678e-12 75.3876 6.04559e-14 5.53886e-12 3.89678e-12 5.53886e-12 6.33193e-15
Strain 0 0.0004 0 0.0004 0 0 0 0 0
Strain mean 4.21193e-20 0.0004 1.94839e-17 0.0004 -1.46178e-31 2.76943e-17 1.94839e-17 2.76943e-17 -3.44561e-33
Plastic strain_mean 2.7062e-19 2.3062e-05 0 2.3062e-05 -2.7062e-19 0 0 0 0
Plastic strain_rate_mean 0 0 0 0 0 0 0 0 0
Dissipation 0.000300448
End step 12
Begin step 13
Stress -4.57714e-13 81.1327 2.8403e-12 81.1327 3.99338e-13 -6.00612e-12 2.8403e-12 -6.00612e-12 -1.75285e-14
Strain 0 0.000433333 0 0.000433333 0 0 0 0 0
Strain mean -1.16598e-19 0.000433333 1.42015e-17 0.000433333 1.51186e-32 -3.00306e-17 1.42015e-17 -3.00306e-17 5.66156e-33
Plastic strain_mean 2.08433e-18 2.76699e-05 0 2.76699e-05 -2.08433e-18 0 0 0 0
Plastic strain_rate_mean 0 0 0 0 0 0 0 0 0
Dissipation 0.0003738
End step 13
Begin step 14
Stress -1.22556e-13 86.7162 -3.02633e-12 86.7162 7.47526e-14 5.16518e-12 -3.02633e-12 5.16518e-12 -1.43538e-14
Strain 0 0.000466667 0 0.000466667 0 0 0 0 0
Strain mean -9.548e-20 0.000466667 -1.51316e-17 0.000466667 -4.68001e-32 2.58259e-17 -1.51316e-17 2.58259e-17 9.8403e-33
Plastic strain_mean 4.45532e-19 3.30857e-05 0 3.30857e-05 -4.45532e-19 0 0 0 0
Plastic strain_rate_mean 0 0 0 0 0 0 0 0 0
Dissipation 0.000469557
End step 14
Begin step 15
Stress 6.55205e-14 92.0631 -1.81705e-12 92.0631 -7.08142e-14 2.80441e-15 -1.81705e-12 2.80441e-15 -1.58953e-15
Strain 0 0.0005 0 0.0005 0 0 0 0 0
Strain mean -1.05734e-20 0.0005 -9.08523e-18 0.0005 7.10668e-32 1.40221e-20 -9.08523e-18 1.40221e-20 -3.58404e-33
Plastic strain_mean -3.46124e-19 3.96847e-05 0 3.96847e-05 3.46124e-19 0 0 0 0
Plastic strain_rate_mean 0 0 0 0 0 0 0 0 0
Dissipation 0.000607398
End step 15
Begin step 16
Stress -1.46823e-13 96.948 -1.80265e-12 96.948 1.23379e-13 5.87815e-13 -1.80265e-12 5.87815e-13 -7.03936e-15
Strain 0 0.000533333 0 0.000533333 0 0 0 0 0
Strain mean -4.6825e-20 0.000533333 -9.01325e-18 0.000533333 -2.53982e-33 2.93907e-18 -9.01325e-18 2.93907e-18 4.58763e-33
Plastic strain_mean 6.52091e-19 4.85935e-05 0 4.85935e-05 -6.52091e-19 0 0 0 0
Plastic strain_rate_mean 0 0 0 0 0 0 0 0 0
Dissipation 0.000863432
End step 16
Begin step 17
Stress 9.87616e-13 99.8949 3.67881e-12 99.8949 -9.78497e-13 2.79662e-12 3.67881e-12 2.79662e-12 2.73801e-15
Strain 0 0.000566667 0 0.000566667 0 0 0 0 0
Strain mean 1.8213e-20 0.000566667 1.83941e-17 0.000566667 -1.54074e-33 1.39831e-17 1.83941e-17 1.39831e-17 3.98728e-34
Plastic strain_mean -4.90618e-18 6.7192e-05 0 6.7192e-05 4.90618e-18 0 0 0 0
Plastic strain_rate_mean 0 0 0 0 0 0 0 0 0
Dissipation 0.00185642
End step 17
Begin step 18
Stress -8.91799e-13 100.033 3.17127e-13 100.033 8.64167e-13 -4.42861e-12 3.17127e-13 -4.42861e-12 -8.29701e-15
Strain 0 0.0006 0 0.0006 0 0 0 0 0
Strain mean -5.51908e-20 0.0006 1.58564e-18 0.0006 1.01111e-32 -2.2143e-17 1.58564e-18 -2.2143e-17 1.86574e-33
Plastic strain_mean 4.36232e-18 9.9834e-05 0 9.9834e-05 -4.36232e-18 0 0 0 0
Plastic strain_rate_mean 0 0 0 0 0 0 0 0 0
Dissipation 0.00326355
End step 18
Begin step 19
Stress -6.09241e-13 100.051 1.26447e-14 100.051 6.18316e-13 -1.68675e-13 1.26447e-14 -1.68675e-13 2.72491e-15
Strain 0 0.000633333 0 0.000633333 0 0 0 0 0
Strain mean 1.81258e-20 0.000633333 6.32234e-20 0.000633333 -7.10187e-34 -8.43375e-19 6.32234e-20 -8.43375e-19 6.68433e-34
Plastic strain_mean 3.07796e-18 0.000133076 0 0.000133076 -3.07796e-18 0 0 0 0
Plastic strain_rate_mean 0 0 0 0 0 0 0 0 0
Dissipation 0.00332386
End step 19
Begin step 20
Stress -1.51293e-12 100.067 -2.65691e-13 100.067 1.59516e-12 -8.69855e-13 -2.65691e-13 -8.69855e-13 2.46902e-14
Strain 0 0.000666667 0 0.000666667 0 0 0 0 0
Strain mean 1.64236e-19 0.000666667 -1.32845e-18 0.000666667 -1.17963e-33 -4.34928e-18 -1.32845e-18 -4.34928e-18 1.17437e-33
Plastic strain_mean 7.85236e-18 0.000166333 0 0.000166333 -7.85236e-18 0 0 0 0
Plastic strain_rate_mean 0 0 0 0 0 0 0 0 0
Dissipation 0.00332558
End step 20
Begin step 21
Stress -4.0959e-12 100.082 -1.17685e-11 100.082 4.14287e-12 -2.10644e-12 -1.17685e-11 -2.10644e-12 1.41049e-14
Strain 0 0.0007 0 0.0007 0 0 0 0 0
Strain mean 9.38243e-20 0.0007 -5.88427e-17 0.0007 -8.90743e-34 -1.05322e-17 -5.88427e-17 -1.05322e-17 1.04422e-33
Plastic strain_mean 2.06438e-17 0.000199588 0 0.000199588 -2.06438e-17 0 0 0 0
Plastic strain_rate_mean 0 0 0 0 0 0 0 0 0
Dissipation 0.00332571
End step 21
Begin step 22
Stress -2.61087e-12 100.098 -6.97513e-12 100.098 2.58638e-12 -9.30914e-13 -6.97513e-12 -9.30914e-13 -7.35377e-15
Strain 0 0.000733333 0 0.000733333 0 0 0 0 0
Strain mean -4.89164e-20 0.000733333 -3.48757e-17 0.000733333 -3.61112e-35 -4.65457e-18 -3.48757e-17 -4.65457e-18 1.61146e-33
Plastic strain_mean 1.29687e-17 0.000232841 0 0.000232841 -1.29687e-17 0 0 0 0
Plastic strain_rate_mean 0 0 0 0 0 0 0 0 0
Dissipation 0.00332587
End step 22
Begin step 23
Stress -1.52253e-12 100.115 -4.35227e-12 100.115 1.50147e-12 -2.83944e-13 -4.35227e-12 -2.83944e-13 -6.3232e-15
Strain 0 0.000766667 0 0.000766667 0 0 0 0 0
Strain mean -4.20612e-20 0.000766667 -2.17613e-17 0.000766667 -1.08334e-33 -1.41972e-18 -2.17613e-17 -1.41972e-18 8.53127e-34
Plastic strain_mean 7.53896e-18 0.000266092 0 0.000266092 -7.53896e-18 0 0 0 0
Plastic strain_rate_mean 0 0 0 0 0 0 0 0 0
Dissipation 0.00332609
End step 23
Begin step 24
Stress -1.20924e-12 100.132 -2.89877e-12 100.132 1.12387e-12 -9.75561e-15 -2.89877e-12 -9.75561e-15 -2.56334e-14
Strain 0 0.0008 0 0.0008 0 0 0 0 0
Strain mean -1.7051e-19 0.0008 -1.44939e-17 0.0008 -5.02246e-33 -4.8778e-20 -1.44939e-17 -4.8778e-20 5.37906e-34
Plastic strain_mean 5.74751e-18 0.000299341 0 0.000299341 -5.74751e-18 0 0 0 0
Plastic strain_rate_mean 0 0 0 0 0 0 0 0 0
Dissipation 0.00332636
End step 24
Begin step 25
Stress -2.42998e-13 100.149 -7.10143e-12 100.149 3.2636e-13 2.24432e-12 -7.10143e-12 2.24432e-12 2.50308e-14
Strain 0 0.000833333 0 0.000833333 0 0 0 0 0
Strain mean 1.66502e-19 0.000833333 -3.55072e-17 0.000833333 -2.55788e-33 1.12216e-17 -3.55072e-17 1.12216e-17 -5.50282e-33
Plastic strain_mean 1.50665e-18 0.000332589 0 0.000332589 -1.50665e-18 0 0 0 0
Plastic strain_rate_mean 0 0 0 0 0 0 0 0 0
Dissipation 0.00332667
End step 25
Begin step 26
Stress -9.94766e-14 100.166 -4.93656e-12 100.166 1.38336e-13 1.5838e-12 -4.93656e-12 1.5838e-12 1.16682e-14
Strain 0 0.000866667 0 0.000866667 0 0 0 0 0
Strain mean 7.76156e-20 0.000866667 -2.46828e-17 0.000866667 -2.66621e-33 7.919e-18 -2.46828e-17 7.919e-18 -3.62428e-33
Plastic strain_mean 6.3334e-19 0.000365836 0 0.000365836 -6.3334e-19 0 0 0 0
Plastic strain_rate_mean 0 0 0 0 0 0 0 0 0
Dissipation 0.00332702
End step 26
Begin step 27
Stress -2.04037e-14 100.184 -3.50934e-12 100.184 2.44613e-14 9.06505e-13 -3.50934e-12 9.06505e-13 1.21835e-15
Strain 0 0.0009 0 0.0009 0 0 0 0 0
Strain mean 8.10433e-21 0.0009 -1.75467e-17 0.0009 -2.34723e-34 4.53252e-18 -1.75467e-17 4.53252e-18 -4.08809e-33
Plastic strain_mean 1.16215e-19 0.000399081 0 0.000399081 -1.16215e-19 0 0 0 0
Plastic strain_rate_mean 0 0 0 0 0 0 0 0 0
Dissipation 0.00332739
End step 27
Begin step 28
Stress 3.62207e-13 100.201 1.17891e-12 100.201 -4.84603e-13 -9.01981e-13 1.17891e-12 -9.01981e-13 -3.67514e-14
Strain 0 0.000933333 0 0.000933333 0 0 0 0 0
Strain mean -2.44466e-19 0.000933333 5.89453e-18 0.000933333 6.6565e-33 -4.5099e-18 5.89453e-18 -4.5099e-18 -1.81421e-33
Plastic strain_mean -2.23926e-18 0.000432326 0 0.000432326 2.23926e-18 0 0 0 0
Plastic strain_rate_mean 0 0 0 0 0 0 0 0 0
Dissipation 0.00332778
End step 28
Begin step 29
Stress 1.35945e-12 100.219 9.71978e-13 100.219 -1.42038e-12 -9.0144e-13 9.71978e-13 -9.0144e-13 -1.82971e-14
Strain 0 0.000966667 0 0.000966667 0 0 0 0 0
Strain mean -1.2171e-19 0.000966667 4.85989e-18 0.000966667 -8.67872e-33 -4.5072e-18 4.85989e-18 -4.5072e-18 -1.04196e-33
Plastic strain_mean -7.01042e-18 0.00046557 0 0.00046557 7.01042e-18 0 0 0 0
Plastic strain_rate_mean 0 0 0 0 0 0 0 0 0
Dissipation 0.00332819
End step 29
Begin step 30
Stress 1.99031e-12 100.237 1.131e-12 100.237 -2.07498e-12 -8.21801e-13 1.131e-12 -8.21801e-13 -2.54238e-14
Strain 0 0.001 0 0.001 0 0 0 0 0
Strain mean -1.69116e-19 0.001 5.65498e-18 0.001 -7.67965e-33 -4.109e-18 5.65498e-18 -4.109e-18 -8.63283e-34
Plastic strain_mean -1.02478e-17 0.000498813 0 0.000498813 1.02478e-17 0 0 0 0
Plastic strain_rate_mean 0 0 0 0 0 0 0 0 0
Dissipation 0.00332862
End step 30
