Begin step 0
Stress 0 0 0 0 0 0 0 0 0
Strain 0 0 0 0 0 0 0 0 0
Strain mean 0 0 0 0 0 0 0 0 0
Plastic strain_mean 0 0 0 0 0 0 0 0 0
Plastic strain_rate_mean 0 0 0 0 0 0 0 0 0
Dissipation 0
End step 0
Begin step 1
Stress -4.74684e-14 6.56126 3.42899e-12 6.56126 4.81301e-14 -7.88079e-12 3.42899e-12 -7.88079e-12 1.98692e-16
Strain 0 3.33333e-05 0 3.33333e-05 0 0 0 0 0
Strain mean 1.32167e-21 3.33333e-05 1.7145e-17 3.33333e-05 -5.29631e-34 -3.9404e-17 1.7145e-17 -3.9404e-17 -7.07554e-34
Plastic strain_mean 2.39657e-19 5.27027e-07 0 5.27027e-07 -2.39657e-19 0 0 0 0
Plastic strain_rate_mean 0 0 0 0 0 0 0 0 0
Dissipation 3.45787e-06
End step 1
Begin step 2
Stress -1.14783e-14 13.0188 3.88096e-13 13.0188 8.31147e-15 -2.62443e-12 3.88096e-13 -2.62443e-12 -9.50881e-16
Strain 0 6.66667e-05 0 6.66667e-05 0 0 0 0 0
Strain mean -6.32515e-21 6.66667e-05 1.94048e-18 6.66667e-05 2.50371e-33 -1.31221e-17 1.94048e-18 -1.31221e-17 -3.58667e-34
Plastic strain_mean 4.63117e-20 1.57273e-06 0 1.57273e-06 -4.63117e-20 0 0 0 0
Plastic strain_rate_mean 0 0 0 0 0 0 0 0 0
Dissipation 1.36132e-05
End step 2
Begin step 3
Stress -2.18633e-13 19.3742 2.81922e-12 19.3742 2.14016e-13 -6.36428e-12 2.81922e-12 -6.36428e-12 -1.38647e-15
Strain 0 0.0001 0 0.0001 0 0 0 0 0
Strain mean -9.22267e-21 0.0001 1.40961e-17 0.0001 -1.05926e-32 -3.18214e-17 1.40961e-17 -3.18214e-17 -5.4731e-33
Plastic strain_mean 1.07701e-18 3.12887e-06 0 3.12887e-06 -1.07701e-18 0 0 0 0
Plastic strain_rate_mean 0 0 0 0 0 0 0 0 0
Dissipation 3.01474e-05
End step 3
Begin step 4
Stress -4.04899e-13 25.6292 2.77211e-12 25.6292 4.10564e-13 -6.264e-12 2.77211e-12 -6.264e-12 1.70089e-15
Strain 0 0.000133333 0 0.000133333 0 0 0 0 0
Strain mean 1.13141e-20 0.000133333 1.38606e-17 0.000133333 1.50223e-32 -3.132e-17 1.38606e-17 -3.132e-17 -6.16298e-33
Plastic strain_mean 2.04431e-18 5.18737e-06 0 5.18737e-06 -2.04431e-18 0 0 0 0
Plastic strain_rate_mean 0 0 0 0 0 0 0 0 0
Dissipation 5.27538e-05
End step 4
Begin step 5
Stress -5.91256e-13 31.7853 2.72678e-12 31.7853 5.89656e-13 -6.16646e-12 2.72678e-12 -6.16646e-12 -4.80353e-16
Strain 0 0.000166667 0 0.000166667 0 0 0 0 0
Strain mean -3.19525e-21 0.000166667 1.36339e-17 0.000166667 -2.24371e-32 -3.08323e-17 1.36339e-17 -3.08323e-17 -5.74619e-33
Plastic strain_mean 2.95068e-18 7.74024e-06 0 7.74024e-06 -2.95068e-18 0 0 0 0
Plastic strain_rate_mean 0 0 0 0 0 0 0 0 0
Dissipation 8.11368e-05
End step 5
Begin step 6
Stress -7.53521e-13 37.8441 2.67085e-12 37.8441 7.62716e-13 -6.07012e-12 2.67085e-12 -6.07012e-12 2.76094e-15
Strain 0 0.0002 0 0.0002 0 0 0 0 0
Strain mean 1.83655e-20 0.0002 1.33542e-17 0.0002 -8.76298e-33 -3.03506e-17 1.33542e-17 -3.03506e-17 -4.99839e-33
Plastic strain_mean 3.79977e-18 1.07796e-05 0 1.07796e-05 -3.79977e-18 0 0 0 0
Plastic strain_rate_mean 0 0 0 0 0 0 0 0 0
Dissipation 0.000115012
End step 6
Begin step 7
Stress -6.53548e-13 43.8069 2.77573e-12 43.8069 6.62827e-13 -4.58208e-12 2.77573e-12 -4.58208e-12 2.78605e-15
Strain 0 0.000233333 0 0.000233333 0 0 0 0 0
Strain mean 1.85325e-20 0.000233333 1.38786e-17 0.000233333 -7.01761e-33 -2.29104e-17 1.38786e-17 -2.29104e-17 -1.64908e-33
Plastic strain_mean 3.3002e-18 1.42988e-05 0 1.42988e-05 -3.3002e-18 0 0 0 0
Plastic strain_rate_mean 0 0 0 0 0 0 0 0 0
Dissipation 0.000154146
End step 7
Begin step 8
Stress -4.76276e-13 49.673 1.18535e-12 49.673 4.77825e-13 -2.92869e-12 1.18535e-12 -2.92869e-12 4.65069e-16
Strain 0 0.000266667 0 0.000266667 0 0 0 0 0
Strain mean 3.09359e-21 0.000266667 5.92677e-18 0.000266667 1.08237e-31 -1.46435e-17 5.92677e-18 -1.46435e-17 -2.88889e-33
Plastic strain_mean 2.3868e-18 1.83016e-05 0 1.83016e-05 -2.3868e-18 0 0 0 0
Plastic strain_rate_mean 0 0 0 0 0 0 0 0 0
Dissipation 0.000198805
End step 8
Begin step 9
Stress -4.64201e-13 55.431 -7.1293e-13 55.431 4.90103e-13 3.48405e-13 -7.1293e-13 3.48405e-13 7.77736e-15
Strain 0 0.0003 0 0.0003 0 0 0 0 0
Strain mean 5.17341e-20 0.0003 -3.56465e-18 0.0003 2.77334e-32 1.74203e-18 -3.56465e-18 1.74203e-18 -8.33567e-34
Plastic strain_mean 2.41163e-18 2.28452e-05 0 2.28452e-05 -2.41163e-18 0 0 0 0
Plastic strain_rate_mean 0 0 0 0 0 0 0 0 0
Dissipation 0.000251815
End step 9
Begin step 10
Stress -5.32732e-13 61.054 7.10921e-13 61.054 5.43203e-13 1.72259e-12 7.10921e-13 1.72259e-12 3.14413e-15
Strain 0 0.000333333 0 0.000333333 0 0 0 0 0
Strain mean 2.09144e-20 0.000333333 3.55461e-18 0.000333333 7.10668e-32 8.61295e-18 3.55461e-18 8.61295e-18 1.09086e-33
Plastic strain_mean 2.70029e-18 2.80634e-05 0 2.80634e-05 -2.70029e-18 0 0 0 0
Plastic strain_rate_mean 0 0 0 0 0 0 0 0 0
Dissipation 0.000318532
End step 10
Begin step 11
Stress -3.91826e-13 66.506 -7.90363e-13 66.506 3.87456e-13 7.16442e-13 -7.90363e-13 7.16442e-13 -1.31224e-15
Strain 0 0.000366667 0 0.000366667 0 0 0 0 0
Strain mean -8.72885e-21 0.000366667 -3.95181e-18 0.000366667 -2.6963e-33 3.58221e-18 -3.95181e-18 3.58221e-18 4.72455e-33
Plastic strain_mean 1.94384e-18 3.41369e-05 0 3.41369e-05 -1.94384e-18 0 0 0 0
Plastic strain_rate_mean 0 0 0 0 0 0 0 0 0
Dissipation 0.000403834
End step 11
Begin step 12
Stress -1.16969e-13 71.7342 -1.94914e-12 71.7342 1.3474e-13 3.45936e-12 -1.94914e-12 3.45936e-12 5.33629e-15
Strain 0 0.0004 0 0.0004 0 0 0 0 0
Strain mean 3.54964e-20 0.0004 -9.7457e-18 0.0004 4.03242e-32 1.72968e-17 -9.7457e-18 1.72968e-17 9.91252e-33
Plastic strain_mean 6.47021e-19 4.13289e-05 0 4.13289e-05 -6.47021e-19 0 0 0 0
Plastic strain_rate_mean 0 0 0 0 0 0 0 0 0
Dissipation 0.000515788
End step 12
Begin step 13
Stress -1.61503e-13 76.6625 -2.45177e-12 76.6625 1.70927e-13 -1.46685e-12 -2.45177e-12 -1.46685e-12 2.82972e-15
Strain 0 0.000433333 0 0.000433333 0 0 0 0 0
Strain mean 1.8823e-20 0.000433333 -1.22588e-17 0.000433333 2.5326e-32 -7.33426e-18 -1.22588e-17 -7.33426e-18 -3.14769e-33
Plastic strain_mean 8.40484e-19 5.00211e-05 0 5.00211e-05 -8.40484e-19 0 0 0 0
Plastic strain_rate_mean 0 0 0 0 0 0 0 0 0
Dissipation 0.000666168
End step 13
Begin step 14
Stress -2.01256e-12 81.1832 1.09032e-12 81.1832 2.05613e-12 -4.43527e-12 1.09032e-12 -4.43527e-12 1.30831e-14
Strain 0 0.000466667 0 0.000466667 0 0 0 0 0
Strain mean 8.70271e-20 0.000466667 5.45161e-18 0.000466667 1.35917e-32 -2.21764e-17 5.45161e-18 -2.21764e-17 -4.71251e-33
Plastic strain_mean 1.02152e-17 6.07508e-05 0 6.07508e-05 -1.02152e-17 0 0 0 0
Plastic strain_rate_mean 0 0 0 0 0 0 0 0 0
Dissipation 0.000870773
End step 14
Begin step 15
Stress -4.06795e-13 85.1543 1.56677e-12 85.1543 3.79759e-13 -2.75002e-12 1.56677e-12 -2.75002e-12 -8.11797e-15
Strain 0 0.0005 0 0.0005 0 0 0 0 0
Strain mean -5.39998e-20 0.0005 7.83386e-18 0.0005 6.9815e-33 -1.37501e-17 7.83386e-18 -1.37501e-17 6.37362e-33
Plastic strain_mean 1.93938e-18 7.42284e-05 0 7.42284e-05 -1.93938e-18 0 0 0 0
Plastic strain_rate_mean 0 0 0 0 0 0 0 0 0
Dissipation 0.0011472
End step 15
Begin step 16
Stress -1.00413e-12 88.4187 -1.59551e-12 88.4187 1.03019e-12 -1.89023e-12 -1.59551e-12 -1.89023e-12 7.82539e-15
Strain 0 0.000533333 0 0.000533333 0 0 0 0 0
Strain mean 5.20536e-20 0.000533333 -7.97755e-18 0.000533333 -2.26297e-33 -9.45115e-18 -7.97755e-18 -9.45115e-18 -6.51506e-34
Plastic strain_mean 5.11185e-18 9.12396e-05 0 9.12396e-05 -5.11185e-18 0 0 0 0
Plastic strain_rate_mean 0 0 0 0 0 0 0 0 0
Dissipation 0.00150334
End step 16
Begin step 17
Stress -1.46249e-12 90.8679 3.25494e-13 90.8679 1.47193e-12 1.12849e-12 3.25494e-13 1.12849e-12 2.83408e-15
Strain 0 0.000566667 0 0.000566667 0 0 0 0 0
Strain mean 1.8852e-20 0.000566667 1.62747e-18 0.000566667 2.86482e-33 5.64246e-18 1.62747e-18 5.64246e-18 2.35174e-33
Plastic strain_mean 7.34549e-18 0.000112327 0 0.000112327 -7.34549e-18 0 0 0 0
Plastic strain_rate_mean 0 0 0 0 0 0 0 0 0
Dissipation 0.001915
End step 17
Begin step 18
Stress 1.56766e-13 92.522 2.71202e-13 92.522 -2.079e-13 1.02357e-12 2.71202e-13 1.02357e-12 -1.53538e-14
Strain 0 0.0006 0 0.0006 0 0 0 0 0
Strain mean -1.02132e-19 0.0006 1.35601e-18 0.0006 -8.1852e-34 5.11787e-18 1.35601e-18 5.11787e-18 1.43241e-33
Plastic strain_mean -9.62731e-19 0.00013739 0 0.00013739 9.62731e-19 0 0 0 0
Plastic strain_rate_mean 0 0 0 0 0 0 0 0 0
Dissipation 0.00231718
End step 18
Begin step 19
Stress -4.51558e-13 93.535 -1.66446e-13 93.535 4.76078e-13 -1.72718e-12 -1.66446e-13 -1.72718e-12 7.3625e-15
Strain 0 0.000633333 0 0.000633333 0 0 0 0 0
Strain mean 4.89745e-20 0.000633333 -8.32232e-19 0.000633333 1.92593e-34 -8.63588e-18 -8.32232e-19 -8.63588e-18 -2.49468e-33
Plastic strain_mean 2.34358e-18 0.000165658 0 0.000165658 -2.34358e-18 0 0 0 0
Plastic strain_rate_mean 0 0 0 0 0 0 0 0 0
Dissipation 0.00264183
End step 19
Begin step 20
Stress 9.82727e-13 94.1136 -1.12416e-12 94.1136 -9.42297e-13 3.21918e-12 -1.12416e-12 3.21918e-12 1.21398e-14
Strain 0 0.000666667 0 0.000666667 0 0 0 0 0
Strain mean 8.07528e-20 0.000666667 -5.62079e-18 0.000666667 3.58704e-33 1.60959e-17 -5.62079e-18 1.60959e-17 2.43638e-33
Plastic strain_mean -4.77218e-18 0.000196098 0 0.000196098 4.77218e-18 0 0 0 0
Plastic strain_rate_mean 0 0 0 0 0 0 0 0 0
Dissipation 0.00286204
End step 20
Begin step 21
Stress -2.77833e-13 94.4337 -4.27362e-13 94.4337 3.50607e-13 -5.14367e-13 -4.27362e-13 -5.14367e-13 2.18517e-14
Strain 0 0.0007 0 0.0007 0 0 0 0 0
Strain mean 1.45355e-19 0.0007 -2.13681e-18 0.0007 -2.4676e-33 -2.57184e-18 -2.13681e-18 -2.57184e-18 4.25811e-34
Plastic strain_mean 1.64378e-18 0.000227832 0 0.000227832 -1.64378e-18 0 0 0 0
Plastic strain_rate_mean 0 0 0 0 0 0 0 0 0
Dissipation 0.00299342
End step 21
Begin step 22
Stress -2.11441e-12 94.6116 3.88952e-14 94.6116 2.11785e-12 2.79809e-12 3.88952e-14 2.79809e-12 1.03058e-15
Strain 0 0.000733333 0 0.000733333 0 0 0 0 0
Strain mean 6.85527e-21 0.000733333 1.94476e-19 0.000733333 3.85186e-34 1.39904e-17 1.94476e-19 1.39904e-17 -1.35266e-33
Plastic strain_mean 1.05841e-17 0.000260275 0 0.000260275 -1.05841e-17 0 0 0 0
Plastic strain_rate_mean 0 0 0 0 0 0 0 0 0
Dissipation 0.00306586
End step 22
Begin step 23
Stress -2.14658e-12 94.7149 2.98487e-13 94.7149 2.12052e-12 1.90574e-12 2.98487e-13 1.90574e-12 -7.82539e-15
Strain 0 0.000766667 0 0.000766667 0 0 0 0 0
Strain mean -5.20536e-20 0.000766667 1.49244e-18 0.000766667 1.41435e-33 9.52872e-18 1.49244e-18 9.52872e-18 -2.09595e-33
Plastic strain_mean 1.06417e-17 0.000293092 0 0.000293092 -1.06417e-17 0 0 0 0
Plastic strain_rate_mean 0 0 0 0 0 0 0 0 0
Dissipation 0.00310419
End step 23
Begin step 24
Stress 5.33507e-13 94.7797 -2.06311e-12 94.7797 -5.51905e-13 2.25323e-12 -2.06311e-12 2.25323e-12 -5.52406e-15
Strain 0 0.0008 0 0.0008 0 0 0 0 0
Strain mean -3.67454e-20 0.0008 -1.03155e-17 0.0008 -7.22224e-34 1.12662e-17 -1.03155e-17 1.12662e-17 5.37718e-33
Plastic strain_mean -2.7319e-18 0.000326102 0 0.000326102 2.7319e-18 0 0 0 0
Plastic strain_rate_mean 0 0 0 0 0 0 0 0 0
Dissipation 0.00312417
End step 24
Begin step 25
Stress -9.59186e-14 94.8249 -1.9734e-12 94.8249 -5.76784e-15 1.09681e-12 -1.9734e-12 1.09681e-12 -3.0533e-14
Strain 0 0.000833333 0 0.000833333 0 0 0 0 0
Strain mean -2.03102e-19 0.000833333 -9.86699e-18 0.000833333 -1.03519e-33 5.48407e-18 -9.86699e-18 5.48407e-18 2.30811e-33
Plastic strain_mean 1.23826e-19 0.000359209 0 0.000359209 -1.23826e-19 0 0 0 0
Plastic strain_rate_mean 0 0 0 0 0 0 0 0 0
Dissipation 0.00313462
End step 25
Begin step 26
Stress 1.01493e-13 94.86 2.20141e-12 94.86 -2.03005e-13 -7.45317e-13 2.20141e-12 -7.45317e-13 -3.04806e-14
Strain 0 0.000866667 0 0.000866667 0 0 0 0 0
Strain mean -2.02753e-19 0.000866667 1.1007e-17 0.000866667 1.08213e-32 -3.72659e-18 1.1007e-17 -3.72659e-18 3.08374e-33
Plastic strain_mean -8.62623e-19 0.000392367 0 0.000392367 8.62623e-19 0 0 0 0
Plastic strain_rate_mean 0 0 0 0 0 0 0 0 0
Dissipation 0.00314023
End step 26
Begin step 27
Stress -3.61077e-13 94.89 -3.48972e-12 94.89 3.19309e-13 -2.41769e-13 -3.48972e-12 -2.41769e-13 -1.25416e-14
Strain 0 0.0009 0 0.0009 0 0 0 0 0
Strain mean -8.34252e-20 0.0009 -1.74486e-17 0.0009 -1.88982e-33 -1.20884e-18 -1.74486e-17 -1.20884e-18 1.43739e-33
Plastic strain_mean 1.65925e-18 0.00042555 0 0.00042555 -1.65925e-18 0 0 0 0
Plastic strain_rate_mean 0 0 0 0 0 0 0 0 0
Dissipation 0.00314339
End step 27
Begin step 28
Stress -3.16451e-13 94.9171 -3.50977e-12 94.9171 3.98301e-13 -4.29876e-13 -3.50977e-12 -4.29876e-13 2.45766e-14
Strain 0 0.000933333 0 0.000933333 0 0 0 0 0
Strain mean 1.63481e-19 0.000933333 -1.75489e-17 0.000933333 2.23288e-33 -2.14938e-18 -1.75489e-17 -2.14938e-18 9.3701e-34
Plastic strain_mean 1.86862e-18 0.000458748 0 0.000458748 -1.86862e-18 0 0 0 0
Plastic strain_rate_mean 0 0 0 0 0 0 0 0 0
Dissipation 0.00314532
End step 28
Begin step 29
Stress -4.18996e-13 94.9428 -5.37885e-13 94.9428 3.9116e-13 7.4013e-13 -5.37885e-13 7.4013e-13 -8.35815e-15
Strain 0 0.000966667 0 0.000966667 0 0 0 0 0
Strain mean -5.55974e-20 0.000966667 -2.68943e-18 0.000966667 1.58648e-32 3.70065e-18 -2.68943e-18 3.70065e-18 1.36019e-33
Plastic strain_mean 1.99759e-18 0.000491953 0 0.000491953 -1.99759e-18 0 0 0 0
Plastic strain_rate_mean 0 0 0 0 0 0 0 0 0
Dissipation 0.00314662
End step 29
Begin step 30
Stress -4.05139e-13 94.9675 -3.0067e-12 94.9675 3.04441e-13 -4.70583e-13 -3.0067e-12 -4.70583e-13 -3.02361e-14
Strain 0 0.001 0 0.001 0 0 0 0 0
Strain mean -2.01127e-19 0.001 -1.50335e-17 0.001 9.88243e-33 -2.35292e-18 -1.50335e-17 -2.35292e-18 8.62907e-34
Plastic strain_mean 1.67339e-18 0.000525163 0 0.000525163 -1.67339e-18 0 0 0 0
Plastic strain_rate_mean 0 0 0 0 0 0 0 0 0
Dissipation 0.0031476
End step 30
